state_source,district_source,series_id,year,jan_mm,feb_mm,mar_mm,apr_mm,may_mm,jun_mm,jul_mm,aug_mm,sep_mm,oct_mm,nov_mm,dec_mm,annual_mm,jf_mm,mam_mm,jjas_mm,ond_mm,source_page,quality_flags,district_table_label,duplicate_source_pages
Jharkhand,Bokaro,IMD110-P2084,1901,,,6.9,8.6,,,300.5,231.4,247.3,36.4,14.0,0.0,,,,,50.4,2084,missing_months,BOKARO,
Jharkhand,Bokaro,IMD110-P2084,1902,0.0,8.6,9.2,19.8,,84.6,234.2,206.0,562.7,33.5,3.8,0.0,,8.6,,1087.5,37.3,2084,missing_months,BOKARO,
Jharkhand,Bokaro,IMD110-P2084,1903,8.9,1.3,33.0,22.9,171.7,248.4,165.4,,156.6,335.1,0.0,0.0,,10.2,227.6,,335.1,2084,missing_months,BOKARO,
Jharkhand,Bokaro,IMD110-P2084,1904,0.0,12.4,,6.1,57.2,220.4,537.9,157.6,119.1,0.0,0.0,0.0,,12.4,,1035.0,0.0,2084,missing_months,BOKARO,
Jharkhand,Bokaro,IMD110-P2084,1905,30.2,66.0,33.9,,,,,,,10.2,0.0,2.8,,96.2,,,13.0,2084,missing_months,BOKARO,
Jharkhand,Bokaro,IMD110-P2084,1906,33.5,81.2,39.9,,24.1,170.4,224.6,209.0,106.0,,0.0,0.0,,114.7,,710.0,,2084,missing_months,BOKARO,
Jharkhand,Bokaro,IMD110-P2084,1907,19.1,15.3,181.3,12.4,7.1,199.8,208.0,445.8,216.3,0.0,0.0,12.7,1317.8,34.4,200.8,1069.9,12.7,2084,,BOKARO,
Jharkhand,Bokaro,IMD110-P2084,1908,14.0,35.6,1.5,0.0,62.2,189.8,148.4,403.5,198.4,8.9,0.0,0.0,1062.3,49.6,63.7,940.1,8.9,2084,,BOKARO,
Jharkhand,Bokaro,IMD110-P2084,1909,16.5,15.0,0.0,53.1,10.7,137.8,291.1,370.1,306.1,0.0,,7.7,,31.5,63.8,1105.1,,2084,missing_months,BOKARO,
Jharkhand,Bokaro,IMD110-P2084,1910,0.0,0.0,,30.5,50.5,208.1,255.2,172.7,167.7,40.6,0.0,0.0,,0.0,,803.7,40.6,2084,missing_months,BOKARO,
Jharkhand,Bokaro,IMD110-P2084,1911,0.0,0.0,41.1,0.0,12.7,232.7,,312.6,411.3,181.6,45.7,0.0,,0.0,53.8,,227.3,2084,missing_months,BOKARO,
Jharkhand,Bokaro,IMD110-P2084,1912,0.0,1.3,0.0,7.6,0.0,52.0,,271.2,39.6,0.0,,0.0,,1.3,7.6,,,2084,missing_months,BOKARO,
Jharkhand,Bokaro,IMD110-P2084,1913,0.0,,0.0,0.0,74.6,95.2,45.0,200.4,,0.0,,,,,74.6,,,2084,missing_months,BOKARO,
Jharkhand,Bokaro,IMD110-P2084,1914,0.0,101.6,0.0,9.7,189.2,94.1,450.2,,229.4,0.0,0.0,0.0,,101.6,198.9,,0.0,2084,missing_months,BOKARO,
Jharkhand,Bokaro,IMD110-P2084,1915,0.0,13.0,32.0,4.6,47.2,217.9,349.8,186.6,337.3,39.7,26.5,0.0,1254.6,13.0,83.8,1091.6,66.2,2084,,BOKARO,
Jharkhand,Bokaro,IMD110-P2084,1916,0.0,16.5,0.0,11.5,2.5,,236.2,220.7,,308.6,,0.0,,16.5,14.0,,,2084,missing_months,BOKARO,
Jharkhand,Bokaro,IMD110-P2084,1917,,66.0,48.3,5.1,96.5,177.5,355.9,243.8,175.3,292.2,0.0,0.0,,,149.9,952.5,292.2,2084,missing_months,BOKARO,
Jharkhand,Bokaro,IMD110-P2084,1918,0.0,0.0,0.0,0.0,7.7,324.8,92.9,388.6,33.8,0.0,0.0,0.0,847.8,0.0,7.7,840.1,0.0,2084,,BOKARO,
Jharkhand,Bokaro,IMD110-P2084,1919,102.2,0.0,23.4,22.4,20.8,244.0,219.2,264.3,108.9,,0.0,0.0,,102.2,66.6,836.4,,2084,missing_months,BOKARO,
Jharkhand,Bokaro,IMD110-P2084,1920,0.0,6.9,30.4,0.0,20.4,173.5,539.7,161.4,164.9,0.0,0.0,0.0,1097.2,6.9,50.8,1039.5,0.0,2084,,BOKARO,
Jharkhand,Bokaro,IMD110-P2084,1921,30.5,26.2,0.0,15.0,11.7,274.3,331.7,304.4,176.1,10.2,0.0,0.0,1180.1,56.7,26.7,1086.5,10.2,2084,,BOKARO,
Jharkhand,Bokaro,IMD110-P2084,1922,9.2,4.3,0.0,23.3,6.4,194.0,508.2,467.3,408.0,82.3,0.0,0.0,1703.0,13.5,29.7,1577.5,82.3,2084,,BOKARO,
Jharkhand,Bokaro,IMD110-P2084,1923,0.0,73.3,13.0,0.0,48.7,,275.6,,114.6,,0.0,0.0,,73.3,61.7,,,2084,missing_months,BOKARO,
Jharkhand,Bokaro,IMD110-P2084,1924,0.0,0.0,0.0,17.2,37.4,200.3,554.2,445.6,242.1,112.5,126.4,0.0,1735.7,0.0,54.6,1442.2,238.9,2084,,BOKARO,
Jharkhand,Bokaro,IMD110-P2084,1925,0.0,19.0,19.1,34.1,141.3,213.6,419.6,355.8,121.4,127.2,0.0,0.0,1451.1,19.0,194.5,1110.4,127.2,2084,,BOKARO,
Jharkhand,Bokaro,IMD110-P2084,1926,,0.0,81.9,,,61.6,583.1,426.7,279.7,23.4,0.0,37.1,,,,1351.1,60.5,2084,missing_months,BOKARO,
Jharkhand,Bokaro,IMD110-P2084,1927,44.2,99.1,30.7,0.0,,102.9,307.4,297.1,,75.5,0.0,,,143.3,,,,2084,missing_months,BOKARO,
Jharkhand,Bokaro,IMD110-P2084,1928,61.0,0.0,0.0,19.6,51.7,407.3,297.9,99.6,117.1,112.8,0.0,0.0,1167.0,61.0,71.3,921.9,112.8,2084,,BOKARO,
Jharkhand,Bokaro,IMD110-P2084,1929,,0.0,13.2,11.1,36.6,45.0,378.3,398.2,54.1,218.7,0.0,44.7,,,60.9,875.6,263.4,2084,missing_months,BOKARO,
Jharkhand,Bokaro,IMD110-P2084,1930,0.0,0.0,0.0,6.1,3.8,108.3,542.2,303.9,237.5,32.8,206.1,0.0,1440.7,0.0,9.9,1191.9,238.9,2084,,BOKARO,
Jharkhand,Bokaro,IMD110-P2084,1931,0.0,123.2,20.3,,46.5,75.6,345.6,299.9,221.5,32.1,10.4,0.0,,123.2,,942.6,42.5,2084,missing_months,BOKARO,
Jharkhand,Bokaro,IMD110-P2084,1932,0.0,26.1,0.0,17.8,38.8,59.4,436.9,230.4,167.2,46.3,36.3,0.0,1059.2,26.1,56.6,893.9,82.6,2084,,BOKARO,
Jharkhand,Bokaro,IMD110-P2084,1934,9.1,25.7,0.0,23.4,17.8,199.3,169.5,207.2,139.0,55.1,1.5,0.5,848.1,34.8,41.2,715.0,57.1,2084,,BOKARO,
Jharkhand,Bokaro,IMD110-P2084,1935,20.8,5.1,6.3,0.0,0.0,99.1,159.6,513.1,346.7,0.0,0.0,0.0,1150.7,25.9,6.3,1118.5,0.0,2085,,BOKARO,
Jharkhand,Bokaro,IMD110-P2084,1936,12.7,25.2,20.8,0.0,57.9,169.5,474.3,278.2,336.4,136.2,0.0,21.3,1532.5,37.9,78.7,1258.4,157.5,2085,,BOKARO,
Jharkhand,Bokaro,IMD110-P2084,1937,0.0,112.5,0.0,36.8,58.1,136.9,334.3,319.0,392.8,87.9,0.0,0.0,1478.3,112.5,94.9,1183.0,87.9,2085,,BOKARO,
Jharkhand,Bokaro,IMD110-P2084,1938,10.9,18.5,0.0,0.0,74.6,159.4,238.2,305.6,169.2,74.4,0.0,0.0,1050.8,29.4,74.6,872.4,74.4,2085,,BOKARO,
Jharkhand,Bokaro,IMD110-P2084,1939,1.5,15.6,37.1,,,,220.3,355.3,225.9,251.3,0.0,0.0,,17.1,,,251.3,2085,missing_months,BOKARO,
Jharkhand,Bokaro,IMD110-P2084,1940,0.0,35.8,119.6,0.0,20.3,175.7,344.9,466.3,85.0,48.0,0.0,15.2,1310.8,35.8,139.9,1071.9,63.2,2085,,BOKARO,
Jharkhand,Bokaro,IMD110-P2084,1941,81.6,0.0,0.0,0.0,60.2,321.1,271.3,228.0,205.5,243.7,19.3,0.0,1430.7,81.6,60.2,1025.9,263.0,2085,,BOKARO,
Jharkhand,Bokaro,IMD110-P2084,1942,23.6,37.6,46.7,44.7,3.8,287.4,520.6,401.7,310.3,5.8,0.0,0.0,1682.2,61.2,95.2,1520.0,5.8,2085,,BOKARO,
Jharkhand,Bokaro,IMD110-P2084,1943,,0.0,0.0,,,,,,,,,,,,,,,2085,missing_months,BOKARO,
Jharkhand,Bokaro,IMD110-P2084,1944,,,,,,,,209.0,129.8,,0.0,0.0,,,,,,2085,missing_months,BOKARO,
Jharkhand,Bokaro,IMD110-P2084,1945,31.8,34.8,0.0,21.6,114.2,95.5,297.0,,272.4,127.0,,0.0,,66.6,135.8,,,2085,missing_months,BOKARO,
Jharkhand,Bokaro,IMD110-P2084,1946,0.0,0.0,15.7,22.1,96.8,277.2,384.0,273.4,189.1,113.5,19.1,0.0,1390.9,0.0,134.6,1123.7,132.6,2085,,BOKARO,
Jharkhand,Bokaro,IMD110-P2084,1947,0.0,0.0,38.6,0.0,70.6,81.6,194.1,289.7,304.8,108.7,0.0,6.1,1094.2,0.0,109.2,870.2,114.8,2085,,BOKARO,
Jharkhand,Bokaro,IMD110-P2084,1948,3.0,12.4,0.0,17.8,24.5,185.4,277.9,285.9,120.8,121.3,57.5,0.0,1106.4,15.4,42.3,870.0,178.7,2085,,BOKARO,
Jharkhand,Bokaro,IMD110-P2084,1949,21.1,10.0,3.5,52.1,114.3,178.9,334.5,314.0,203.4,42.7,0.0,0.0,1274.6,31.1,170.0,1030.8,42.7,2085,,BOKARO,
Jharkhand,Bokaro,IMD110-P2084,1950,0.2,11.8,13.5,3.7,29.4,255.5,439.1,363.9,142.8,30.1,2.5,4.6,1297.1,11.9,46.6,1201.4,37.2,2085,,BOKARO,
Jharkhand,Bokaro,IMD110-P2084,1951,0.9,0.0,19.1,36.6,35.2,170.1,245.8,233.3,268.2,108.6,0.0,0.0,1117.7,0.9,90.9,917.4,108.6,2085,,BOKARO,
Jharkhand,Bokaro,IMD110-P2084,1952,2.3,3.0,18.8,40.5,71.3,150.4,343.4,189.8,161.9,116.6,0.0,0.0,1098.1,5.4,130.6,845.5,116.6,2085,,BOKARO,
Jharkhand,Bokaro,IMD110-P2084,1953,91.0,21.2,0.0,11.2,17.1,191.2,612.5,441.9,320.4,4.9,13.7,0.0,1725.3,112.2,28.3,1566.1,18.7,2085,,BOKARO,
Jharkhand,Bokaro,IMD110-P2084,1954,17.7,2.4,3.5,0.0,23.3,181.2,239.4,205.1,377.7,48.9,0.0,8.1,1107.2,20.1,26.8,1003.4,56.9,2085,,BOKARO,
Jharkhand,Bokaro,IMD110-P2084,1955,34.1,18.7,1.6,5.3,16.8,135.8,321.3,183.7,116.7,95.9,26.7,0.0,956.5,52.8,23.7,757.4,122.6,2085,,BOKARO,
Jharkhand,Bokaro,IMD110-P2084,1956,10.0,36.5,24.5,3.0,77.1,213.6,272.4,343.0,365.1,150.4,6.7,1.6,1503.9,46.5,104.6,1194.1,158.7,2085,,BOKARO,
Jharkhand,Bokaro,IMD110-P2084,1957,84.0,42.9,38.7,0.2,56.9,220.6,702.4,509.0,402.2,16.6,0.0,0.4,2073.8,126.9,95.8,1834.2,17.0,2085,,BOKARO,
Jharkhand,Bokaro,IMD110-P2084,1958,14.0,23.2,16.5,40.6,13.7,87.0,274.3,244.0,322.2,113.3,0.0,0.0,1148.8,37.2,70.8,927.5,113.3,2085,,BOKARO,
Jharkhand,Bokaro,IMD110-P2084,1959,46.5,5.0,0.0,15.4,58.4,145.1,398.7,326.7,338.1,332.6,0.0,0.0,1666.5,51.5,73.8,1208.7,332.6,2085,,BOKARO,
Jharkhand,Bokaro,IMD110-P2084,1960,4.5,0.0,16.4,0.0,32.6,125.6,286.3,370.2,335.1,62.8,0.8,0.0,1234.3,4.5,49.1,1117.2,63.6,2085,,BOKARO,
Jharkhand,Bokaro,IMD110-P2084,1961,14.8,105.3,0.0,0.9,13.7,240.3,244.6,352.9,321.5,223.1,0.5,0.7,1518.3,120.1,14.6,1159.2,224.4,2085,,BOKARO,
Jharkhand,Bokaro,IMD110-P2084,1962,13.7,14.3,8.6,47.6,20.6,131.6,272.4,213.7,211.3,81.9,0.0,13.7,1029.2,28.0,76.8,828.9,95.6,2085,,BOKARO,
Jharkhand,Bokaro,IMD110-P2084,1963,0.8,5.9,7.5,24.7,64.3,157.4,232.4,161.1,187.8,227.1,22.6,0.0,1091.7,6.7,96.5,738.7,249.7,2085,,BOKARO,
Jharkhand,Bokaro,IMD110-P2084,1964,0.0,6.0,6.5,31.6,74.0,186.7,301.4,236.5,170.1,82.8,0.1,0.0,1095.7,6.0,112.1,894.6,82.9,2085,,BOKARO,
Jharkhand,Bokaro,IMD110-P2084,1965,0.0,8.4,28.4,25.8,13.7,103.2,373.4,227.0,202.6,22.3,0.0,0.2,1005.0,8.4,67.9,906.2,22.5,2085,,BOKARO,
Jharkhand,Bokaro,IMD110-P2084,1966,39.4,0.7,0.0,5.5,7.2,262.6,126.4,180.4,125.7,24.1,21.5,17.5,811.2,40.1,12.7,695.2,63.2,2085,,BOKARO,
Jharkhand,Bokaro,IMD110-P2084,1967,3.6,1.9,23.5,21.7,17.2,108.4,254.4,501.7,307.3,41.8,0.0,14.9,1296.4,5.4,62.3,1171.9,56.7,2085,,BOKARO,
Jharkhand,Bokaro,IMD110-P2084,1968,27.1,1.7,0.9,3.2,7.1,259.9,346.5,397.6,79.2,75.8,0.0,0.3,1199.3,28.8,11.2,1083.3,76.0,2085,,BOKARO,
Jharkhand,Bokaro,IMD110-P2084,1969,4.8,9.0,2.9,61.8,70.6,110.9,255.1,330.7,237.6,31.9,13.0,0.0,1128.3,13.8,135.3,934.3,44.9,2086,,BOKARO,
Jharkhand,Bokaro,IMD110-P2084,1970,9.6,8.6,15.4,2.1,12.9,205.7,183.5,189.9,507.6,96.6,1.3,0.0,1233.3,18.3,30.3,1086.7,97.9,2086,,BOKARO,
Jharkhand,Bokaro,IMD110-P2084,1971,44.5,16.0,2.1,69.2,85.1,226.6,467.4,470.7,250.6,72.2,8.4,0.0,1712.8,60.5,156.3,1415.4,80.6,2086,,BOKARO,
Jharkhand,Bokaro,IMD110-P2084,1972,8.7,37.5,0.0,3.9,0.7,73.2,269.1,349.1,207.3,86.5,10.4,0.0,1046.5,46.2,4.7,898.7,96.9,2086,,BOKARO,
Jharkhand,Bokaro,IMD110-P2084,1973,6.4,5.1,42.4,1.2,73.9,203.8,219.6,236.3,305.3,238.2,2.4,0.3,1334.9,11.4,117.5,965.0,241.0,2086,,BOKARO,
Jharkhand,Bokaro,IMD110-P2084,1974,6.2,0.0,29.4,5.4,49.3,52.4,345.0,322.3,307.5,151.8,0.0,0.0,1269.4,6.2,84.1,1027.3,151.8,2086,,BOKARO,
Jharkhand,Bokaro,IMD110-P2084,1975,17.3,10.7,41.6,6.5,25.3,144.8,567.7,295.8,290.9,142.3,0.0,0.0,1543.0,28.0,73.5,1299.2,142.3,2086,,BOKARO,
Jharkhand,Bokaro,IMD110-P2084,1976,0.0,19.4,1.7,33.9,41.3,102.7,234.0,265.6,300.4,12.1,0.0,0.0,1011.1,19.4,76.9,902.7,12.1,2086,,BOKARO,
Jharkhand,Bokaro,IMD110-P2084,1977,15.7,8.8,2.7,59.6,72.6,215.0,448.3,298.0,142.0,47.7,48.9,25.4,1384.6,24.5,134.9,1103.3,122.0,2086,,BOKARO,
Jharkhand,Bokaro,IMD110-P2084,1978,2.0,35.1,70.8,25.4,21.7,250.4,207.4,349.9,458.4,126.7,7.1,7.2,1562.0,37.1,117.8,1266.1,141.0,2086,,BOKARO,
Jharkhand,Bokaro,IMD110-P2084,1979,44.1,60.3,8.9,19.1,5.7,127.8,290.1,128.5,97.2,20.0,12.4,14.0,828.1,104.4,33.7,643.6,46.4,2086,,BOKARO,
Jharkhand,Bokaro,IMD110-P2084,1980,2.7,10.0,29.4,19.4,45.0,243.7,433.8,247.5,297.5,82.5,0.0,0.2,1411.7,12.6,93.7,1222.5,82.7,2086,,BOKARO,
Jharkhand,Bokaro,IMD110-P2084,1981,21.5,54.5,51.8,36.2,96.2,165.4,327.1,165.2,188.2,0.0,2.9,10.3,1119.3,76.0,184.2,845.9,13.1,2086,,BOKARO,
Jharkhand,Bokaro,IMD110-P2084,1982,0.0,7.9,45.7,56.5,7.1,176.5,138.5,269.3,88.1,29.0,1.9,0.0,820.7,7.9,109.4,672.4,30.9,2086,,BOKARO,
Jharkhand,Bokaro,IMD110-P2084,1983,5.4,3.3,7.8,26.2,65.4,132.7,294.4,263.3,265.5,137.7,0.0,13.9,1215.7,8.7,99.4,956.0,151.6,2086,,BOKARO,
Jharkhand,Bokaro,IMD110-P2084,1984,17.4,24.0,0.8,14.4,16.0,480.8,321.4,415.0,137.8,57.8,0.3,0.0,1485.8,41.4,31.2,1355.0,58.2,2086,,BOKARO,
Jharkhand,Bokaro,IMD110-P2084,1985,23.2,12.0,2.1,2.5,34.2,198.5,339.6,209.7,310.9,122.7,0.0,0.0,1255.2,35.1,38.7,1058.7,122.7,2086,,BOKARO,
Jharkhand,Bokaro,IMD110-P2084,1986,3.9,7.4,1.2,16.7,60.3,212.8,303.8,223.8,216.8,127.1,39.0,36.2,1249.0,11.3,78.3,957.2,202.3,2086,,BOKARO,
Jharkhand,Bokaro,IMD110-P2084,1987,3.0,2.9,2.1,33.1,29.7,66.1,457.8,382.9,213.9,7.2,25.7,3.5,1228.1,5.9,64.9,1120.8,36.4,2086,,BOKARO,
Jharkhand,Bokaro,IMD110-P2084,1988,3.4,19.1,59.0,19.8,27.0,217.4,285.7,245.2,120.3,33.6,1.7,0.0,1032.2,22.5,105.8,868.6,35.3,2086,,BOKARO,
Jharkhand,Bokaro,IMD110-P2084,1989,0.8,0.0,1.3,0.0,78.3,192.6,264.3,262.2,221.2,41.3,10.8,21.1,1093.9,0.8,79.6,940.4,73.1,2086,,BOKARO,
Jharkhand,Bokaro,IMD110-P2084,1990,0.0,76.1,13.3,13.8,41.3,122.9,470.9,219.2,264.4,202.5,11.1,0.0,1435.5,76.1,68.3,1077.4,213.6,2086,,BOKARO,
Jharkhand,Bokaro,IMD110-P2084,1991,15.2,6.6,84.0,12.1,81.3,201.7,268.9,382.2,271.4,40.5,0.0,0.0,1364.1,21.8,177.5,1124.3,40.5,2086,,BOKARO,
Jharkhand,Bokaro,IMD110-P2084,1992,0.4,21.0,0.0,9.8,89.6,196.3,,,,24.4,0.0,0.0,,21.5,99.4,,24.4,2086,missing_months,BOKARO,
Jharkhand,Bokaro,IMD110-P2084,1993,3.9,0.0,5.2,39.1,72.0,86.0,182.2,245.3,526.5,72.6,23.0,0.0,1255.9,3.9,116.3,1040.0,95.6,2086,,BOKARO,
Jharkhand,Bokaro,IMD110-P2084,1994,21.5,30.8,0.0,17.3,22.5,370.3,934.2,368.3,262.0,76.7,0.2,0.0,2103.9,52.3,39.8,1934.9,76.9,2086,,BOKARO,
Jharkhand,Bokaro,IMD110-P2084,1995,6.5,6.9,9.8,0.0,21.2,151.5,413.6,376.7,460.2,25.3,108.2,11.9,1591.8,13.4,31.0,1402.0,145.4,2086,,BOKARO,
Jharkhand,Bokaro,IMD110-P2084,1996,19.1,14.9,3.0,3.0,34.6,471.5,237.4,613.9,98.8,33.5,0.0,0.0,1529.6,33.9,40.6,1421.5,33.5,2086,,BOKARO,
Jharkhand,Bokaro,IMD110-P2084,1997,8.1,2.6,0.7,1.4,38.2,191.5,349.6,435.5,158.1,47.9,44.8,37.2,1315.7,10.7,40.3,1134.8,129.9,2086,,BOKARO,
Jharkhand,Bokaro,IMD110-P2084,1998,56.7,19.5,32.4,45.1,43.7,101.7,296.8,266.9,354.9,119.7,25.8,20.6,1383.8,76.2,121.2,1020.4,166.1,2086,,BOKARO,
Jharkhand,Bokaro,IMD110-P2084,1999,16.6,2.5,3.2,17.0,88.3,207.6,317.6,271.6,271.1,111.3,2.3,0.0,1309.1,19.0,108.4,1068.0,113.7,2086,,BOKARO,
Jharkhand,Bokaro,IMD110-P2084,2000,2.6,11.8,4.4,17.8,62.5,200.3,131.3,47.1,167.5,8.4,0.0,0.0,653.6,14.3,84.8,546.2,8.4,2086,,BOKARO,
Jharkhand,Bokaro,IMD110-P2084,2001,,0.2,33.0,3.2,31.1,386.2,493.8,138.4,123.1,61.5,0.0,0.0,,,67.3,1141.5,61.5,2086,missing_months,BOKARO,
Jharkhand,Bokaro,IMD110-P2084,2002,1.6,4.8,2.7,2.4,60.1,213.2,116.7,51.5,261.9,37.0,2.5,0.3,754.6,6.4,65.3,643.3,39.8,2086,,BOKARO,
Jharkhand,Bokaro,IMD110-P2084,2003,3.3,34.6,52.0,8.9,25.1,169.7,238.5,233.1,157.3,266.9,0.6,1.0,1191.0,37.9,85.9,798.6,268.6,2087,,BOKARO,
Jharkhand,Bokaro,IMD110-P2084,2004,2.5,0.2,0.6,68.6,52.8,164.6,192.7,303.9,148.5,104.1,0.0,3.4,1041.8,2.7,122.0,809.7,107.5,2087,,BOKARO,
Jharkhand,Bokaro,IMD110-P2084,2005,7.6,6.1,14.0,18.2,26.0,88.1,265.2,190.1,92.0,61.4,4.8,0.1,773.5,13.7,58.1,635.4,66.3,2087,,BOKARO,
Jharkhand,Bokaro,IMD110-P2084,2006,0.0,0.0,16.0,17.9,103.8,124.1,373.6,215.0,277.8,2.2,0.0,0.0,1130.5,0.0,137.7,990.5,2.2,2087,,BOKARO,
Jharkhand,Bokaro,IMD110-P2084,2007,,,51.3,27.1,37.7,49.5,340.1,463.7,304.2,21.4,1.9,0.0,,,116.0,1157.5,23.3,2087,missing_months,BOKARO,
Jharkhand,Bokaro,IMD110-P2084,2008,2.2,2.3,0.5,1.8,38.9,447.0,431.0,434.5,142.2,266.7,0.0,0.0,1767.1,4.5,41.2,1454.7,266.7,2087,,BOKARO,
Jharkhand,Bokaro,IMD110-P2084,2009,,,,,50.7,36.8,208.3,305.9,262.8,75.0,,,,,,813.8,,2087,missing_months,BOKARO,
Jharkhand,Bokaro,IMD110-P2084,2010,3.7,3.7,4.0,8.2,65.1,81.5,176.3,186.6,207.2,61.3,2.1,4.4,804.1,7.3,77.4,651.6,67.8,2087,,BOKARO,
Jharkhand,Chatra,IMD110-P2088,1901,85.2,59.5,4.1,0.0,6.4,14.6,234.1,400.5,316.2,31.2,4.3,0.0,1156.1,144.7,10.5,965.4,35.5,2088,,CHATRA,
Jharkhand,Chatra,IMD110-P2088,1902,11.7,13.2,0.5,6.1,22.3,28.7,336.5,123.5,384.5,1.0,1.8,0.0,929.8,24.9,28.9,873.2,2.8,2088,,CHATRA,
Jharkhand,Chatra,IMD110-P2088,1903,13.4,45.2,6.1,20.4,24.9,25.9,206.7,238.9,178.3,143.1,0.0,0.0,902.9,58.6,51.4,649.8,143.1,2088,,CHATRA,
Jharkhand,Chatra,IMD110-P2088,1904,11.4,12.5,40.9,0.0,71.2,367.3,773.0,347.7,70.1,28.2,0.0,0.0,1722.3,23.9,112.1,1558.1,28.2,2088,,CHATRA,
Jharkhand,Chatra,IMD110-P2088,1905,37.6,50.8,89.6,5.3,33.8,8.4,552.4,288.1,257.8,48.7,0.0,3.8,1376.3,88.4,128.7,1106.7,52.5,2088,,CHATRA,
Jharkhand,Chatra,IMD110-P2088,1906,18.1,58.7,20.6,2.5,15.0,113.6,416.0,276.4,194.4,49.3,2.0,0.0,1166.6,76.8,38.1,1000.4,51.3,2088,,CHATRA,
Jharkhand,Chatra,IMD110-P2088,1907,3.0,97.8,65.7,29.5,19.0,519.7,131.0,630.9,154.5,0.0,0.0,7.6,1658.7,100.8,114.2,1436.1,7.6,2088,,CHATRA,
Jharkhand,Chatra,IMD110-P2088,1908,5.3,67.5,1.5,0.0,9.1,217.1,252.3,256.5,101.1,82.0,0.0,0.0,992.4,72.8,10.6,827.0,82.0,2088,,CHATRA,
Jharkhand,Chatra,IMD110-P2088,1909,52.9,4.1,0.0,46.9,1.0,316.1,231.9,294.7,229.2,2.3,0.0,10.2,1189.3,57.0,47.9,1071.9,12.5,2088,,CHATRA,
Jharkhand,Chatra,IMD110-P2088,1910,10.4,13.5,7.1,17.5,83.8,287.5,158.5,262.5,276.1,36.3,10.9,0.0,1164.1,23.9,108.4,984.6,47.2,2088,,CHATRA,
Jharkhand,Chatra,IMD110-P2088,1911,1.5,0.0,62.5,0.0,0.0,429.0,148.7,477.5,224.2,41.2,64.5,0.0,1449.1,1.5,62.5,1279.4,105.7,2088,,CHATRA,
Jharkhand,Chatra,IMD110-P2088,1912,4.2,6.4,1.8,2.5,24.3,31.1,327.1,267.0,133.8,33.9,46.5,0.0,878.7,10.6,28.6,759.0,80.4,2088,,CHATRA,
Jharkhand,Chatra,IMD110-P2088,1913,3.0,76.9,38.9,0.0,61.9,367.7,296.5,461.0,79.3,49.8,7.9,7.6,1450.5,79.8,100.8,1204.5,65.4,2088,,CHATRA,
Jharkhand,Chatra,IMD110-P2088,1914,0.0,21.0,29.5,21.0,87.2,102.3,325.3,344.1,87.9,9.3,0.0,8.4,1036.0,21.0,137.7,859.6,17.8,2088,,CHATRA,
Jharkhand,Chatra,IMD110-P2088,1915,7.4,70.3,13.1,1.9,3.5,90.7,307.5,202.2,192.2,21.1,33.5,0.0,943.5,77.7,18.5,792.6,54.7,2088,,CHATRA,
Jharkhand,Chatra,IMD110-P2088,1916,0.0,28.3,0.0,6.6,13.4,216.5,218.5,228.6,297.5,251.5,5.0,0.0,1265.9,28.3,20.0,961.1,256.5,2088,,CHATRA,
Jharkhand,Chatra,IMD110-P2088,1917,0.4,38.0,13.8,2.0,113.5,349.5,397.3,670.2,236.5,200.5,0.0,1.0,2022.8,38.4,129.3,1653.5,201.5,2088,,CHATRA,
Jharkhand,Chatra,IMD110-P2088,1918,4.5,0.0,5.0,0.0,27.1,305.3,80.8,378.6,195.8,0.0,0.0,0.0,997.1,4.5,32.1,960.5,0.0,2088,,CHATRA,
Jharkhand,Chatra,IMD110-P2088,1919,109.4,12.2,19.0,15.8,37.7,266.8,244.6,344.0,206.7,113.9,0.0,0.0,1370.1,121.6,72.5,1062.1,113.9,2088,,CHATRA,
Jharkhand,Chatra,IMD110-P2088,1920,0.0,19.4,46.7,0.4,53.6,47.4,689.9,294.5,165.1,1.7,0.0,0.0,1318.8,19.4,100.8,1197.0,1.7,2088,,CHATRA,
Jharkhand,Chatra,IMD110-P2088,1921,36.5,7.0,0.0,0.0,0.0,160.3,209.4,386.1,138.6,0.8,0.0,0.0,938.6,43.5,0.0,894.3,0.8,2088,,CHATRA,
Jharkhand,Chatra,IMD110-P2088,1922,14.4,0.0,0.0,10.3,12.9,277.3,339.2,282.4,214.7,38.0,4.8,0.0,1194.0,14.4,23.1,1113.6,42.9,2088,,CHATRA,
Jharkhand,Chatra,IMD110-P2088,1923,1.0,59.2,1.0,0.1,7.0,203.7,521.9,594.2,83.9,3.4,18.0,3.6,1497.0,60.2,8.1,1403.6,25.0,2088,,CHATRA,
Jharkhand,Chatra,IMD110-P2088,1924,15.9,22.9,5.7,2.5,1.2,73.6,495.1,249.0,290.0,86.9,131.1,0.0,1373.9,38.8,9.4,1107.7,218.0,2088,,CHATRA,
Jharkhand,Chatra,IMD110-P2088,1925,2.1,0.9,9.1,5.4,15.7,173.6,605.9,439.7,361.9,3.7,9.6,0.0,1627.7,3.1,30.2,1581.1,13.3,2088,,CHATRA,
Jharkhand,Chatra,IMD110-P2088,1926,23.6,2.1,59.9,6.2,3.1,15.0,480.6,380.5,396.7,58.1,5.2,24.3,1455.4,25.7,69.2,1272.8,87.6,2088,,CHATRA,
Jharkhand,Chatra,IMD110-P2088,1927,43.3,87.5,48.8,0.5,15.0,7.6,307.6,222.3,300.9,46.2,32.2,0.0,1111.9,130.8,64.3,838.3,78.4,2088,,CHATRA,
Jharkhand,Chatra,IMD110-P2088,1928,76.1,6.1,0.4,21.2,5.2,340.9,402.7,261.1,72.5,134.6,0.0,0.0,1320.8,82.2,26.8,1077.1,134.6,2088,,CHATRA,
Jharkhand,Chatra,IMD110-P2088,1929,33.3,4.0,9.1,4.2,0.4,51.4,529.3,578.1,94.3,140.2,0.0,31.9,1476.2,37.2,13.7,1253.1,172.1,2088,,CHATRA,
Jharkhand,Chatra,IMD110-P2088,1930,0.0,1.3,0.0,7.0,2.3,105.6,600.2,434.6,256.7,14.2,70.6,2.6,1495.0,1.3,9.3,1397.1,87.4,2088,,CHATRA,
Jharkhand,Chatra,IMD110-P2088,1931,0.0,105.4,9.6,0.0,0.0,34.4,249.3,203.5,166.5,42.0,34.1,1.4,846.2,105.4,9.6,653.8,77.5,2088,,CHATRA,
Jharkhand,Chatra,IMD110-P2088,1932,0.0,29.2,0.0,6.4,19.2,67.0,355.9,380.4,181.9,21.7,89.0,0.1,1150.7,29.2,25.5,985.2,110.8,2088,,CHATRA,
Jharkhand,Chatra,IMD110-P2088,1933,74.4,37.0,0.9,39.9,19.6,182.8,305.6,360.8,136.6,89.2,0.0,0.0,1246.8,111.4,60.3,985.9,89.2,2088,,CHATRA,
Jharkhand,Chatra,IMD110-P2088,1934,48.4,0.0,5.1,2.9,0.0,97.1,384.9,280.6,308.6,46.6,35.2,0.0,1209.4,48.4,7.9,1071.2,81.9,2089,,CHATRA,
Jharkhand,Chatra,IMD110-P2088,1935,73.5,15.6,2.0,5.5,0.0,70.8,300.1,502.8,225.0,0.0,0.0,0.0,1195.2,89.0,7.5,1098.7,0.0,2089,,CHATRA,
Jharkhand,Chatra,IMD110-P2088,1936,12.0,18.2,15.2,1.3,75.7,166.1,413.9,367.7,536.3,114.2,5.5,15.9,1742.1,30.3,92.2,1484.0,135.6,2089,,CHATRA,
Jharkhand,Chatra,IMD110-P2088,1937,0.0,91.0,1.5,10.9,19.6,127.3,463.7,276.9,150.0,118.7,0.5,0.0,1260.3,91.0,32.0,1018.0,119.2,2089,,CHATRA,
Jharkhand,Chatra,IMD110-P2088,1938,25.9,27.1,0.0,0.4,60.3,146.0,226.0,344.5,209.3,27.8,1.7,0.0,1069.1,53.0,60.8,925.8,29.5,2089,,CHATRA,
Jharkhand,Chatra,IMD110-P2088,1939,33.0,32.8,29.4,8.9,2.5,234.4,350.0,281.6,454.7,45.6,0.0,0.0,1472.9,65.8,40.8,1320.7,45.6,2089,,CHATRA,
Jharkhand,Chatra,IMD110-P2088,1940,0.0,45.5,90.5,17.6,24.0,105.4,308.9,476.4,129.1,61.4,0.0,42.8,1301.7,45.5,132.1,1019.9,104.2,2089,,CHATRA,
Jharkhand,Chatra,IMD110-P2088,1941,58.7,8.3,1.5,0.4,15.9,300.6,262.3,421.9,257.4,74.8,1.5,0.0,1403.4,66.9,17.9,1242.3,76.3,2089,,CHATRA,
Jharkhand,Chatra,IMD110-P2088,1942,10.1,79.6,50.6,8.9,9.1,128.8,464.8,645.8,308.5,7.3,0.0,0.3,1713.6,89.6,68.6,1547.8,7.6,2089,,CHATRA,
Jharkhand,Chatra,IMD110-P2088,1943,58.0,18.3,1.6,18.7,14.1,117.6,442.5,512.3,183.1,71.4,0.0,0.0,1437.7,76.3,34.4,1255.6,71.4,2089,,CHATRA,
Jharkhand,Chatra,IMD110-P2088,1944,17.0,55.5,45.6,3.5,0.0,110.2,300.3,513.1,206.6,43.4,0.0,0.5,1295.6,72.5,49.1,1130.2,43.9,2089,,CHATRA,
Jharkhand,Chatra,IMD110-P2088,1945,78.6,38.9,0.0,2.6,25.3,154.0,228.4,269.9,211.5,110.8,0.0,1.3,1121.2,117.4,27.9,863.7,112.1,2089,,CHATRA,
Jharkhand,Chatra,IMD110-P2088,1946,0.0,24.0,10.4,30.4,35.0,248.6,471.3,404.4,387.8,150.1,39.7,0.3,1802.3,24.0,75.9,1512.1,190.2,2089,,CHATRA,
Jharkhand,Chatra,IMD110-P2088,1947,2.3,26.3,31.9,0.0,2.2,74.2,288.5,264.5,347.5,87.9,0.0,9.4,1134.9,28.6,34.1,974.8,97.3,2089,,CHATRA,
Jharkhand,Chatra,IMD110-P2088,1948,41.3,28.0,18.9,4.2,19.4,142.0,272.8,353.4,230.6,84.4,68.8,0.0,1263.8,69.3,42.5,998.8,153.2,2089,,CHATRA,
Jharkhand,Chatra,IMD110-P2088,1949,48.3,19.7,22.0,26.3,40.1,115.3,292.9,352.1,255.7,68.8,0.0,0.0,1241.2,68.0,88.4,1016.0,68.8,2089,,CHATRA,
Jharkhand,Chatra,IMD110-P2088,1950,3.3,13.1,21.4,0.0,0.0,324.4,318.1,397.1,148.4,2.7,0.0,4.3,1232.8,16.4,21.4,1188.0,7.0,2089,,CHATRA,
Jharkhand,Chatra,IMD110-P2088,1951,16.7,0.3,31.6,8.3,30.7,230.2,251.0,281.5,170.6,30.1,0.8,0.0,1051.9,17.0,70.5,933.4,30.9,2089,,CHATRA,
Jharkhand,Chatra,IMD110-P2088,1952,12.3,10.6,22.7,8.7,35.8,263.4,236.9,262.5,262.8,46.5,0.0,5.7,1167.8,22.9,67.2,1025.5,52.2,2089,,CHATRA,
Jharkhand,Chatra,IMD110-P2088,1953,21.0,0.0,0.0,1.7,5.7,180.5,469.9,450.8,194.2,3.4,0.5,0.0,1327.6,21.0,7.3,1295.4,3.9,2089,,CHATRA,
Jharkhand,Chatra,IMD110-P2088,1954,9.6,22.3,7.4,3.7,6.8,118.2,192.8,264.2,250.0,15.7,0.0,2.3,893.0,31.8,17.9,825.2,18.0,2089,,CHATRA,
Jharkhand,Chatra,IMD110-P2088,1955,81.8,14.3,2.4,0.0,3.7,93.1,310.0,207.7,128.1,39.5,0.5,0.0,881.0,96.1,6.1,738.9,40.0,2089,,CHATRA,
Jharkhand,Chatra,IMD110-P2088,1956,15.7,16.2,9.0,2.1,51.3,226.5,245.1,265.4,271.6,177.6,2.8,16.8,1300.1,31.9,62.4,1008.6,197.2,2089,,CHATRA,
Jharkhand,Chatra,IMD110-P2088,1957,52.3,11.2,41.9,1.1,0.0,58.5,397.4,218.9,162.7,10.6,0.0,0.0,954.6,63.5,43.0,837.5,10.6,2089,,CHATRA,
Jharkhand,Chatra,IMD110-P2088,1958,10.0,27.0,19.2,30.4,3.7,100.4,318.2,242.1,285.6,52.9,0.0,0.0,1089.6,37.0,53.3,946.4,52.9,2089,,CHATRA,
Jharkhand,Chatra,IMD110-P2088,1959,72.5,1.8,0.0,6.6,6.2,174.3,353.4,304.5,191.1,223.4,0.0,0.0,1333.8,74.3,12.8,1023.3,223.4,2089,,CHATRA,
Jharkhand,Chatra,IMD110-P2088,1960,1.3,0.6,44.8,5.9,2.5,67.2,306.1,428.9,299.1,18.6,0.0,0.0,1175.0,1.9,53.2,1101.2,18.6,2089,,CHATRA,
Jharkhand,Chatra,IMD110-P2088,1961,12.8,,,0.0,11.6,398.8,319.2,397.9,378.0,189.0,0.0,10.0,,,,1494.0,199.0,2089,missing_months,CHATRA,
Jharkhand,Chatra,IMD110-P2088,1962,8.3,9.7,3.1,20.7,9.4,133.8,294.6,285.5,243.4,92.8,0.0,0.0,1101.3,17.9,33.2,957.4,92.8,2089,,CHATRA,
Jharkhand,Chatra,IMD110-P2088,1963,4.5,4.9,21.5,1.5,14.5,91.6,163.8,235.7,215.0,347.6,8.6,0.0,1109.2,9.4,37.5,706.1,356.2,2089,,CHATRA,
Jharkhand,Chatra,IMD110-P2088,1964,1.5,25.6,0.0,4.2,43.5,159.6,405.5,286.9,235.3,109.5,15.8,0.0,1287.4,27.1,47.8,1087.3,125.3,2089,,CHATRA,
Jharkhand,Chatra,IMD110-P2088,1965,0.0,3.0,10.8,26.0,3.4,95.8,381.3,240.3,185.4,12.7,0.0,2.6,961.2,3.0,40.1,902.8,15.3,2089,,CHATRA,
Jharkhand,Chatra,IMD110-P2088,1966,22.7,0.6,0.0,0.0,0.0,194.9,111.2,206.8,21.0,1.8,10.0,17.0,586.1,23.4,0.0,533.9,28.8,2089,,CHATRA,
Jharkhand,Chatra,IMD110-P2088,1967,9.2,0.2,34.9,4.9,15.6,47.5,289.8,379.8,189.3,8.6,0.4,2.6,982.9,9.5,55.4,906.4,11.6,2089,,CHATRA,
Jharkhand,Chatra,IMD110-P2088,1968,62.4,1.9,2.2,0.0,20.0,218.3,494.2,335.9,47.4,26.7,0.0,3.9,1212.8,64.3,22.2,1095.8,30.5,2090,,CHATRA,
Jharkhand,Chatra,IMD110-P2088,1969,14.6,0.0,0.0,4.6,141.8,134.3,259.6,318.1,231.3,3.7,7.7,0.0,1115.7,14.6,146.4,943.3,11.4,2090,,CHATRA,
Jharkhand,Chatra,IMD110-P2088,1970,38.3,16.9,29.0,0.0,24.8,204.4,280.2,141.8,375.1,49.8,0.0,0.0,1160.4,55.3,53.8,1001.5,49.8,2090,,CHATRA,
Jharkhand,Chatra,IMD110-P2088,1974,0.0,0.0,0.0,0.0,18.2,21.1,373.5,330.8,88.7,118.8,0.0,0.0,951.0,0.0,18.2,814.1,118.8,2090,,CHATRA,
Jharkhand,Chatra,IMD110-P2088,1975,14.6,8.8,35.2,12.2,0.7,113.5,383.2,214.5,174.2,71.1,0.0,0.0,1028.0,23.4,48.1,885.5,71.1,2090,,CHATRA,
Jharkhand,Chatra,IMD110-P2088,1976,0.0,17.0,0.3,26.2,36.5,170.8,297.0,184.1,635.5,3.9,3.0,0.0,1374.4,17.0,63.1,1287.4,6.8,2090,,CHATRA,
Jharkhand,Chatra,IMD110-P2088,1977,28.5,5.5,0.0,26.8,66.2,118.6,341.5,219.1,165.0,39.7,24.5,5.0,1040.2,34.0,92.9,844.1,69.2,2090,,CHATRA,
Jharkhand,Chatra,IMD110-P2088,1978,16.3,56.2,20.0,10.3,0.0,371.4,339.0,563.8,450.0,46.5,0.3,13.7,1887.4,72.5,30.3,1724.2,60.5,2090,,CHATRA,
Jharkhand,Chatra,IMD110-P2088,1979,17.9,24.9,5.7,3.5,0.0,103.2,348.0,153.0,101.1,18.6,8.6,0.0,784.5,42.8,9.2,705.3,27.1,2090,,CHATRA,
Jharkhand,Chatra,IMD110-P2088,1980,9.4,26.8,29.5,3.3,3.9,165.8,277.5,284.7,144.2,45.6,0.0,4.9,995.7,36.2,36.8,872.2,50.5,2090,,CHATRA,
Jharkhand,Chatra,IMD110-P2088,1981,63.4,6.5,26.4,31.6,23.5,32.6,323.9,168.1,136.5,0.0,0.0,24.1,836.6,69.9,81.5,661.1,24.1,2090,,CHATRA,
Jharkhand,Chatra,IMD110-P2088,1982,1.4,18.3,70.0,6.7,48.0,173.9,103.6,286.2,47.4,92.2,18.0,0.0,865.7,19.7,124.7,611.1,110.2,2090,,CHATRA,
Jharkhand,Chatra,IMD110-P2088,1983,11.3,14.9,0.0,24.0,32.5,100.5,273.4,95.3,130.6,132.0,0.0,7.5,822.0,26.2,56.5,599.8,139.5,2090,,CHATRA,
Jharkhand,Chatra,IMD110-P2088,1984,23.0,51.0,0.0,24.0,0.0,575.2,320.7,351.6,288.0,25.2,0.0,0.0,1658.7,74.0,24.0,1535.5,25.2,2090,,CHATRA,
Jharkhand,Chatra,IMD110-P2088,1985,4.5,0.0,0.0,0.0,9.9,21.5,202.5,286.9,276.3,120.7,0.0,0.0,922.3,4.5,9.9,787.2,120.7,2090,,CHATRA,
Jharkhand,Chatra,IMD110-P2088,1986,0.0,36.2,0.0,0.9,58.0,467.2,463.4,264.5,196.3,131.6,41.5,73.9,1733.5,36.2,58.9,1391.4,247.1,2090,,CHATRA,
Jharkhand,Chatra,IMD110-P2088,1987,0.9,2.1,2.3,103.8,6.8,5.8,580.0,473.2,455.8,34.2,18.0,2.6,1685.7,3.1,113.0,1514.8,54.8,2090,,CHATRA,
Jharkhand,Chatra,IMD110-P2088,1988,0.5,29.0,26.9,0.8,0.8,304.0,187.9,427.8,81.8,23.5,0.0,8.0,1090.8,29.5,28.4,1001.4,31.5,2090,,CHATRA,
Jharkhand,Chatra,IMD110-P2088,1989,0.8,0.1,0.0,0.0,31.9,208.9,312.7,262.6,217.0,25.3,11.3,28.8,1099.5,0.9,31.9,1001.3,65.4,2090,,CHATRA,
Jharkhand,Chatra,IMD110-P2088,1990,0.0,92.4,3.6,2.8,85.4,171.5,575.0,249.3,155.6,114.8,0.0,0.0,1450.4,92.4,91.8,1151.4,114.8,2090,,CHATRA,
Jharkhand,Chatra,IMD110-P2088,1991,5.4,9.9,9.9,1.9,27.6,226.8,254.6,462.1,373.8,39.0,0.0,21.1,1432.2,15.3,39.4,1317.3,60.1,2090,,CHATRA,
Jharkhand,Chatra,IMD110-P2088,1992,0.0,0.0,0.0,0.0,53.2,83.3,273.7,259.5,68.0,31.0,0.0,0.0,768.7,0.0,53.2,684.5,31.0,2090,,CHATRA,
Jharkhand,Chatra,IMD110-P2088,1993,0.0,0.0,5.3,8.6,61.7,153.2,164.9,300.0,481.5,46.2,11.8,0.0,1233.2,0.0,75.6,1099.6,58.0,2090,,CHATRA,
Jharkhand,Chatra,IMD110-P2088,1994,38.2,35.7,0.0,11.3,5.2,357.4,325.8,438.4,184.5,170.4,0.0,0.0,1567.0,73.9,16.5,1306.1,170.4,2090,,CHATRA,
Jharkhand,Chatra,IMD110-P2088,1995,3.3,14.0,8.1,0.0,0.0,89.5,224.7,258.4,368.2,11.3,55.3,43.3,1076.0,17.3,8.1,940.7,109.9,2090,,CHATRA,
Jharkhand,Chatra,IMD110-P2088,1996,19.1,46.0,8.0,0.0,4.2,189.3,198.5,382.7,146.6,18.3,0.0,0.0,1012.7,65.1,12.2,917.1,18.3,2090,,CHATRA,
Jharkhand,Chatra,IMD110-P2088,1997,7.6,1.4,0.0,0.9,0.0,157.3,546.5,421.2,218.4,83.6,21.9,39.6,1498.6,9.1,0.9,1343.4,145.2,2090,,CHATRA,
Jharkhand,Chatra,IMD110-P2088,1998,27.1,16.6,27.0,12.1,41.7,98.3,323.5,300.3,239.0,86.8,1.4,0.0,1173.8,43.8,80.7,961.2,88.2,2090,,CHATRA,
Jharkhand,Chatra,IMD110-P2088,1999,0.0,0.0,0.0,0.0,31.3,286.6,470.1,249.8,185.1,152.1,17.4,0.0,1392.4,0.0,31.3,1191.6,169.5,2090,,CHATRA,
Jharkhand,Chatra,IMD110-P2088,2000,0.0,2.5,5.0,23.8,28.6,137.4,442.8,95.1,355.8,0.0,0.0,0.0,1091.0,2.5,57.4,1031.1,0.0,2090,,CHATRA,
Jharkhand,Chatra,IMD110-P2088,2001,0.5,0.0,11.4,2.0,8.4,312.5,256.9,237.4,94.2,61.1,0.0,0.0,984.5,0.5,21.9,901.0,61.1,2090,,CHATRA,
Jharkhand,Chatra,IMD110-P2088,2002,0.0,3.5,7.2,0.0,9.8,51.8,203.3,243.5,214.6,73.5,3.1,0.0,810.3,3.5,17.0,713.2,76.6,2090,,CHATRA,
Jharkhand,Chatra,IMD110-P2088,2003,11.3,22.4,10.8,24.3,0.0,184.4,278.8,281.7,218.7,182.8,0.0,6.7,1221.9,33.7,35.1,963.6,189.5,2090,,CHATRA,
Jharkhand,Chatra,IMD110-P2088,2004,3.8,3.8,0.2,25.4,22.1,202.5,178.0,196.1,239.0,97.5,0.0,0.0,968.6,7.6,47.7,815.7,97.5,2090,,CHATRA,
Jharkhand,Chatra,IMD110-P2088,2005,7.7,15.8,0.8,0.0,5.4,64.5,141.7,225.1,147.1,2.9,0.0,0.0,611.0,23.6,6.2,578.4,2.9,2091,,CHATRA,
Jharkhand,Chatra,IMD110-P2088,2006,0.0,0.0,3.9,17.1,77.6,358.9,419.9,183.1,371.3,0.0,0.0,0.0,1431.9,0.0,98.7,1333.2,0.0,2091,,CHATRA,
Jharkhand,Chatra,IMD110-P2088,2007,0.0,56.9,16.4,6.0,55.2,85.5,432.4,438.4,242.8,71.3,0.0,0.0,1404.9,56.9,77.6,1199.1,71.3,2091,,CHATRA,
Jharkhand,Chatra,IMD110-P2088,2008,0.0,0.0,0.0,0.5,14.6,379.8,265.0,287.8,55.9,2.0,1.1,0.0,1006.7,0.0,15.1,988.5,3.1,2091,,CHATRA,
Jharkhand,Chatra,IMD110-P2088,2009,2.7,1.0,1.0,0.0,74.7,52.6,251.7,252.5,270.3,21.5,6.3,0.0,934.3,3.7,75.7,827.1,27.9,2091,,CHATRA,
Jharkhand,Chatra,IMD110-P2088,2010,0.0,0.0,0.0,0.0,10.8,54.3,98.2,186.5,80.8,62.5,0.0,2.1,495.1,0.0,10.8,419.7,64.6,2091,,CHATRA,
Jharkhand,Deoghar,IMD110-P2092,1901,58.7,27.3,9.8,13.3,,,255.6,,196.9,14.8,18.9,0.0,,86.0,,,33.6,2092,missing_months,DEOGHAR,
Jharkhand,Deoghar,IMD110-P2092,1902,0.1,0.0,11.3,57.5,98.8,148.1,471.7,173.1,315.7,33.3,7.0,0.0,1316.7,0.1,167.7,1108.7,40.3,2092,,DEOGHAR,
Jharkhand,Deoghar,IMD110-P2092,1903,7.0,25.1,0.9,37.0,37.4,95.2,166.9,278.4,107.6,179.4,0.1,0.0,935.1,32.1,75.4,648.2,179.5,2092,,DEOGHAR,
Jharkhand,Deoghar,IMD110-P2092,1904,0.6,5.8,9.6,0.0,131.9,306.6,443.1,290.6,93.5,8.0,0.0,5.8,1295.4,6.5,141.4,1133.8,13.8,2092,,DEOGHAR,
Jharkhand,Deoghar,IMD110-P2092,1905,16.6,49.7,95.6,22.4,86.7,26.8,452.4,369.9,263.3,34.8,0.0,0.9,1419.1,66.3,204.7,1112.4,35.8,2092,,DEOGHAR,
Jharkhand,Deoghar,IMD110-P2092,1906,37.3,86.2,9.5,0.0,34.5,246.1,324.5,319.5,153.2,209.4,0.0,0.0,1420.3,123.6,44.0,1043.3,209.4,2092,,DEOGHAR,
Jharkhand,Deoghar,IMD110-P2092,1907,0.0,45.3,83.6,42.7,33.3,310.9,297.8,240.2,228.6,3.5,0.0,12.4,1298.3,45.3,159.6,1077.4,15.9,2092,,DEOGHAR,
Jharkhand,Deoghar,IMD110-P2092,1908,13.8,26.8,0.4,3.4,62.7,188.7,366.0,152.9,172.5,23.9,0.0,0.0,1011.1,40.5,66.5,880.2,23.9,2092,,DEOGHAR,
Jharkhand,Deoghar,IMD110-P2092,1909,29.4,9.0,0.0,83.3,53.1,308.5,266.8,456.9,165.7,8.8,0.0,1.0,1382.5,38.4,136.5,1197.9,9.8,2092,,DEOGHAR,
Jharkhand,Deoghar,IMD110-P2092,1910,0.0,19.4,0.6,21.2,54.8,234.6,296.4,228.6,166.8,100.7,32.6,0.0,1155.7,19.4,76.6,926.3,133.3,2092,,DEOGHAR,
Jharkhand,Deoghar,IMD110-P2092,1911,0.0,0.0,21.4,5.5,15.8,438.0,151.9,280.2,261.4,92.3,30.0,0.0,1296.5,0.0,42.7,1131.5,122.3,2092,,DEOGHAR,
Jharkhand,Deoghar,IMD110-P2092,1912,2.3,5.3,17.8,30.9,71.0,165.7,323.3,252.8,67.7,14.5,80.3,0.0,1031.5,7.6,119.8,809.4,94.8,2092,,DEOGHAR,
Jharkhand,Deoghar,IMD110-P2092,1913,0.0,27.1,35.9,0.0,108.0,374.9,234.7,324.2,288.5,70.1,15.8,31.5,1510.6,27.1,143.9,1222.3,117.3,2092,,DEOGHAR,
Jharkhand,Deoghar,IMD110-P2092,1914,0.0,27.1,1.9,17.3,213.1,169.0,474.9,243.1,102.5,33.5,0.0,1.3,1283.6,27.1,232.3,989.5,34.8,2092,,DEOGHAR,
Jharkhand,Deoghar,IMD110-P2092,1915,4.8,18.5,29.2,11.4,56.5,193.0,294.7,190.6,200.9,9.9,8.5,2.3,1020.4,23.4,97.1,879.2,20.7,2092,,DEOGHAR,
Jharkhand,Deoghar,IMD110-P2092,1916,0.0,5.3,0.0,20.1,2.0,294.9,264.9,238.1,384.6,322.1,5.6,0.0,1537.6,5.3,22.1,1182.6,327.7,2092,,DEOGHAR,
Jharkhand,Deoghar,IMD110-P2092,1917,2.3,23.9,11.5,12.2,123.3,225.7,326.1,203.3,260.1,302.8,0.0,0.0,1491.2,26.2,147.0,1015.2,302.8,2092,,DEOGHAR,
Jharkhand,Deoghar,IMD110-P2092,1918,1.5,0.0,1.3,18.5,66.8,201.4,116.9,503.3,153.0,0.0,0.0,0.2,1062.9,1.5,86.7,974.5,0.2,2092,,DEOGHAR,
Jharkhand,Deoghar,IMD110-P2092,1919,114.2,12.7,4.7,6.0,83.2,343.7,520.0,257.7,188.0,118.7,0.5,0.0,1649.4,126.9,93.9,1309.4,119.2,2092,,DEOGHAR,
Jharkhand,Deoghar,IMD110-P2092,1920,0.0,15.4,57.6,4.7,39.0,103.9,402.9,203.5,269.9,7.1,0.0,0.0,1103.9,15.4,101.2,980.1,7.1,2092,,DEOGHAR,
Jharkhand,Deoghar,IMD110-P2092,1921,32.4,2.1,16.9,14.8,25.4,217.3,212.0,285.6,128.0,30.9,0.0,0.0,965.3,34.5,57.0,842.9,30.9,2092,,DEOGHAR,
Jharkhand,Deoghar,IMD110-P2092,1922,3.8,5.2,0.0,15.9,6.5,430.9,382.8,368.6,170.1,82.9,0.0,0.6,1467.1,8.9,22.4,1352.3,83.5,2092,,DEOGHAR,
Jharkhand,Deoghar,IMD110-P2092,1923,0.6,45.2,0.3,20.6,27.7,152.7,328.3,233.0,99.5,82.0,5.0,0.3,995.1,45.8,48.6,813.4,87.3,2092,,DEOGHAR,
Jharkhand,Deoghar,IMD110-P2092,1924,4.4,2.9,0.0,14.2,13.9,237.9,396.3,290.4,248.5,109.6,71.0,0.0,1389.2,7.3,28.1,1173.1,180.6,2092,,DEOGHAR,
Jharkhand,Deoghar,IMD110-P2092,1925,12.0,11.4,13.9,39.3,78.6,137.3,252.1,218.3,120.8,66.4,0.0,0.0,950.3,23.4,131.9,728.6,66.4,2092,,DEOGHAR,
Jharkhand,Deoghar,IMD110-P2092,1926,16.8,0.0,61.6,19.2,46.4,95.8,441.3,240.1,384.6,14.8,4.5,19.6,1344.8,16.8,127.2,1161.8,38.9,2092,,DEOGHAR,
Jharkhand,Deoghar,IMD110-P2092,1927,20.8,134.8,19.8,0.1,84.4,101.1,275.9,207.4,93.3,59.1,2.3,0.0,999.1,155.6,104.4,677.8,61.3,2092,,DEOGHAR,
Jharkhand,Deoghar,IMD110-P2092,1928,54.0,3.8,0.0,9.7,82.0,504.3,333.3,127.7,70.7,253.3,0.0,0.4,1439.1,57.8,91.7,1035.9,253.8,2092,,DEOGHAR,
Jharkhand,Deoghar,IMD110-P2092,1929,46.5,0.7,15.2,3.3,31.1,159.7,376.7,345.7,206.0,403.3,0.0,52.4,1640.6,47.2,49.6,1088.1,455.7,2092,,DEOGHAR,
Jharkhand,Deoghar,IMD110-P2092,1930,1.8,7.4,4.7,9.4,23.3,143.0,356.8,214.1,176.7,77.2,136.9,0.5,1152.1,9.2,37.5,890.7,214.7,2092,,DEOGHAR,
Jharkhand,Deoghar,IMD110-P2092,1931,11.1,66.4,24.1,0.2,30.8,79.2,333.5,272.7,206.3,61.2,52.3,0.6,1138.3,77.5,55.1,891.6,114.1,2092,,DEOGHAR,
Jharkhand,Deoghar,IMD110-P2092,1932,0.0,27.3,0.0,7.5,53.2,63.2,325.7,224.4,206.2,66.9,35.3,1.3,1011.0,27.3,60.7,819.5,103.5,2092,,DEOGHAR,
Jharkhand,Deoghar,IMD110-P2092,1933,74.2,26.4,3.1,42.2,118.7,186.8,391.8,398.8,147.8,64.1,0.0,0.0,1453.8,100.6,164.0,1125.1,64.1,2092,,DEOGHAR,
Jharkhand,Deoghar,IMD110-P2092,1934,43.4,12.0,0.1,22.0,45.1,163.3,353.4,320.0,192.9,52.0,0.1,0.2,1204.5,55.4,67.2,1029.6,52.4,2093,,DEOGHAR,
Jharkhand,Deoghar,IMD110-P2092,1935,23.3,26.2,0.5,0.6,35.4,126.4,222.7,596.9,206.9,0.0,0.0,0.0,1238.9,49.5,36.5,1152.9,0.0,2093,,DEOGHAR,
Jharkhand,Deoghar,IMD110-P2092,1936,11.0,4.7,6.1,4.5,103.3,205.8,349.6,300.6,437.9,209.5,0.4,9.6,1643.0,15.7,113.9,1293.8,219.5,2093,,DEOGHAR,
Jharkhand,Deoghar,IMD110-P2092,1937,0.0,104.2,0.9,8.4,166.6,132.2,313.3,303.1,310.1,142.6,0.0,0.0,1481.4,104.2,176.0,1058.7,142.6,2093,,DEOGHAR,
Jharkhand,Deoghar,IMD110-P2092,1938,4.2,26.0,0.0,1.1,122.1,273.2,260.2,370.9,186.8,36.7,0.3,0.0,1281.5,30.1,123.3,1091.1,37.0,2093,,DEOGHAR,
Jharkhand,Deoghar,IMD110-P2092,1939,2.0,18.5,60.8,3.6,49.0,210.6,392.4,363.6,268.9,74.7,0.0,0.0,1444.2,20.5,113.4,1235.5,74.7,2093,,DEOGHAR,
Jharkhand,Deoghar,IMD110-P2092,1940,0.0,35.2,125.3,5.0,55.4,82.5,169.0,294.1,159.3,35.0,0.0,16.0,976.7,35.2,185.7,704.9,51.0,2093,,DEOGHAR,
Jharkhand,Deoghar,IMD110-P2092,1941,23.8,0.0,1.3,15.4,64.1,200.0,292.6,288.4,189.6,171.4,7.5,0.0,1254.0,23.8,80.8,970.6,178.9,2093,,DEOGHAR,
Jharkhand,Deoghar,IMD110-P2092,1942,0.3,47.9,15.7,28.8,35.1,141.3,315.8,588.7,347.4,19.9,8.7,0.0,1549.6,48.2,79.6,1393.1,28.6,2093,,DEOGHAR,
Jharkhand,Deoghar,IMD110-P2092,1943,49.6,6.8,0.0,41.9,33.0,113.8,488.3,262.2,194.9,139.9,0.0,0.0,1330.3,56.4,74.8,1059.1,139.9,2093,,DEOGHAR,
Jharkhand,Deoghar,IMD110-P2092,1944,9.7,29.8,14.8,41.0,13.8,147.5,350.2,286.7,153.2,26.8,0.0,0.0,1073.5,39.5,69.6,937.6,26.8,2093,,DEOGHAR,
Jharkhand,Deoghar,IMD110-P2092,1945,20.0,28.3,0.0,30.9,31.6,118.2,238.3,401.2,273.3,91.3,0.0,0.0,1233.0,48.3,62.5,1031.0,91.3,2093,,DEOGHAR,
Jharkhand,Deoghar,IMD110-P2092,1946,0.0,2.2,5.1,79.5,62.7,88.3,277.6,310.5,243.7,152.3,20.8,0.0,1242.6,2.2,147.3,920.0,173.1,2093,,DEOGHAR,
Jharkhand,Deoghar,IMD110-P2092,1947,0.0,10.9,15.2,9.9,15.7,79.7,288.4,297.0,203.4,182.6,0.0,3.7,1106.5,10.9,40.8,868.6,186.3,2093,,DEOGHAR,
Jharkhand,Deoghar,IMD110-P2092,1948,13.1,13.3,12.2,6.4,46.1,198.5,348.0,249.0,114.5,85.8,67.2,0.0,1154.1,26.4,64.7,909.9,153.0,2093,,DEOGHAR,
Jharkhand,Deoghar,IMD110-P2092,1949,6.8,7.0,13.4,60.3,143.1,214.8,330.7,325.1,221.6,64.5,0.0,0.0,1387.3,13.8,216.8,1092.2,64.5,2093,,DEOGHAR,
Jharkhand,Deoghar,IMD110-P2092,1950,0.0,15.5,9.2,0.0,19.5,357.2,329.1,179.4,156.6,2.2,1.3,4.3,1074.2,15.5,28.7,1022.3,7.8,2093,,DEOGHAR,
Jharkhand,Deoghar,IMD110-P2092,1951,0.0,0.0,0.0,7.2,26.1,144.5,274.5,103.2,109.2,65.3,6.7,0.0,736.7,0.0,33.3,631.4,72.0,2093,,DEOGHAR,
Jharkhand,Deoghar,IMD110-P2092,1952,0.0,2.2,24.3,15.7,36.9,128.2,288.5,220.9,203.0,48.7,0.0,0.0,968.3,2.2,76.8,840.6,48.7,2093,,DEOGHAR,
Jharkhand,Deoghar,IMD110-P2092,1953,78.7,12.9,0.0,0.4,26.2,139.3,400.6,227.6,299.8,52.4,8.2,0.0,1246.1,91.6,26.7,1067.2,60.6,2093,,DEOGHAR,
Jharkhand,Deoghar,IMD110-P2092,1954,20.8,8.1,0.1,0.0,37.3,151.9,290.4,309.2,212.4,81.2,2.5,3.9,1117.8,28.9,37.5,963.8,87.7,2093,,DEOGHAR,
Jharkhand,Deoghar,IMD110-P2092,1955,42.7,10.6,3.6,6.6,29.9,60.1,264.3,192.6,39.4,67.3,11.8,0.0,728.9,53.3,40.1,556.4,79.1,2093,,DEOGHAR,
Jharkhand,Deoghar,IMD110-P2092,1956,20.6,12.5,9.9,6.3,72.8,168.4,305.9,290.4,327.8,101.0,9.5,6.0,1331.2,33.1,89.0,1092.4,116.6,2093,,DEOGHAR,
Jharkhand,Deoghar,IMD110-P2092,1957,110.3,2.4,15.3,0.0,1.3,108.0,244.4,180.8,184.9,5.1,0.0,0.0,852.5,112.8,16.5,718.1,5.1,2093,,DEOGHAR,
Jharkhand,Deoghar,IMD110-P2092,1958,0.9,7.5,0.7,36.0,3.1,49.5,259.2,327.7,216.5,117.5,0.0,0.0,1018.5,8.4,39.7,853.0,117.5,2093,,DEOGHAR,
Jharkhand,Deoghar,IMD110-P2092,1959,77.4,1.4,8.7,11.7,33.5,250.1,394.6,182.8,273.1,473.4,0.0,0.0,1706.7,78.8,54.0,1100.5,473.4,2093,,DEOGHAR,
Jharkhand,Deoghar,IMD110-P2092,1960,0.4,0.0,45.2,0.0,40.9,88.5,224.0,357.7,285.0,22.2,0.0,0.0,1064.0,0.4,86.1,955.2,22.2,2093,,DEOGHAR,
Jharkhand,Deoghar,IMD110-P2092,1961,8.8,88.6,0.0,0.0,45.3,170.9,,354.8,275.4,164.6,0.0,0.5,,97.4,45.3,,165.1,2093,missing_months,DEOGHAR,
Jharkhand,Deoghar,IMD110-P2092,1962,0.0,10.0,0.9,47.5,46.3,142.9,195.6,236.1,154.6,44.8,0.0,4.3,883.0,10.0,94.7,729.2,49.1,2093,,DEOGHAR,
Jharkhand,Deoghar,IMD110-P2092,1963,4.0,4.0,3.3,44.3,75.4,275.1,262.1,203.9,197.1,301.6,31.0,0.0,1401.9,8.0,123.0,938.3,332.6,2093,,DEOGHAR,
Jharkhand,Deoghar,IMD110-P2092,1964,2.7,0.0,0.0,29.6,2.7,144.0,296.0,184.6,191.6,24.1,0.0,0.0,875.2,2.7,32.3,816.2,24.1,2093,,DEOGHAR,
Jharkhand,Deoghar,IMD110-P2092,1965,0.0,0.0,7.1,6.3,3.2,61.5,304.0,195.6,35.9,13.3,0.0,0.0,626.9,0.0,16.6,597.0,13.3,2093,,DEOGHAR,
Jharkhand,Deoghar,IMD110-P2092,1966,0.0,0.0,0.0,0.0,45.3,179.3,125.6,126.9,90.4,14.0,13.0,2.5,597.1,0.0,45.3,522.3,29.5,2093,,DEOGHAR,
Jharkhand,Deoghar,IMD110-P2092,1967,0.0,1.3,49.7,45.8,31.2,83.9,294.9,320.4,278.1,17.6,0.0,2.1,1124.9,1.3,126.6,977.3,19.7,2093,,DEOGHAR,
Jharkhand,Deoghar,IMD110-P2092,1968,15.5,1.7,3.0,11.5,0.0,436.7,497.0,374.3,110.5,140.2,0.0,0.0,1590.4,17.2,14.5,1418.5,140.2,2094,,DEOGHAR,
Jharkhand,Deoghar,IMD110-P2092,1969,1.6,1.7,2.5,15.7,84.9,223.3,271.8,452.1,176.7,16.9,48.1,0.0,1295.5,3.3,103.2,1123.9,65.0,2094,,DEOGHAR,
Jharkhand,Deoghar,IMD110-P2092,1970,15.1,4.5,9.7,0.0,74.1,207.1,370.1,172.8,247.8,65.4,0.0,0.0,1166.4,19.5,83.8,997.7,65.4,2094,,DEOGHAR,
Jharkhand,Deoghar,IMD110-P2092,1971,43.0,20.6,5.0,96.0,150.6,258.0,528.8,497.6,255.6,82.0,4.4,0.0,1941.6,63.6,251.6,1540.0,86.4,2094,,DEOGHAR,
Jharkhand,Deoghar,IMD110-P2092,1972,12.4,50.4,0.0,7.2,,65.6,118.6,315.2,195.4,42.0,2.0,0.0,,62.8,,694.8,44.0,2094,missing_months,DEOGHAR,
Jharkhand,Deoghar,IMD110-P2092,1973,54.0,8.2,9.0,0.0,47.0,232.4,218.6,257.6,378.2,175.2,52.0,0.0,1432.2,62.2,56.0,1086.8,227.2,2094,,DEOGHAR,
Jharkhand,Deoghar,IMD110-P2092,1974,3.2,0.0,13.4,15.0,28.5,89.8,289.4,170.8,381.0,58.4,0.0,0.7,1050.1,3.2,56.8,931.0,59.1,2094,,DEOGHAR,
Jharkhand,Deoghar,IMD110-P2092,1975,6.9,12.5,22.0,1.1,51.9,132.4,430.8,234.3,256.9,98.4,0.0,0.0,1247.2,19.4,74.9,1054.4,98.4,2094,,DEOGHAR,
Jharkhand,Deoghar,IMD110-P2092,1976,0.0,26.0,0.0,13.8,75.1,80.7,207.4,155.6,236.7,10.6,5.7,0.0,811.6,26.0,88.9,680.4,16.3,2094,,DEOGHAR,
Jharkhand,Deoghar,IMD110-P2092,1977,7.9,6.6,0.0,12.6,110.4,222.7,399.8,224.0,151.5,76.5,11.3,11.6,1234.8,14.5,123.0,998.0,99.4,2094,,DEOGHAR,
Jharkhand,Deoghar,IMD110-P2092,1978,0.8,60.3,15.8,53.1,41.8,279.3,220.4,230.3,397.0,151.7,6.2,2.0,1458.5,61.1,110.6,1126.9,159.9,2094,,DEOGHAR,
Jharkhand,Deoghar,IMD110-P2092,1979,43.8,18.7,0.3,34.7,3.1,105.1,442.4,194.3,136.6,103.7,9.8,24.8,1117.3,62.5,38.1,878.4,138.3,2094,,DEOGHAR,
Jharkhand,Deoghar,IMD110-P2092,1980,13.7,23.5,37.7,0.0,84.1,267.3,251.2,361.5,231.6,106.1,0.0,2.0,1378.7,37.2,121.8,1111.6,108.1,2094,,DEOGHAR,
Jharkhand,Deoghar,IMD110-P2092,1981,13.1,23.7,12.6,52.0,109.8,86.9,382.0,140.1,141.6,0.0,5.1,18.3,985.0,36.7,174.4,750.5,23.3,2094,,DEOGHAR,
Jharkhand,Deoghar,IMD110-P2092,1982,9.6,3.9,73.4,17.4,6.1,163.0,218.1,294.7,79.5,90.4,47.0,3.4,1006.5,13.5,97.0,755.3,140.8,2094,,DEOGHAR,
Jharkhand,Deoghar,IMD110-P2092,1983,4.5,5.6,8.3,25.4,63.7,121.5,242.8,217.7,294.0,117.6,0.0,7.9,1109.1,10.1,97.4,876.0,125.6,2094,,DEOGHAR,
Jharkhand,Deoghar,IMD110-P2092,1984,37.9,23.1,0.0,3.4,17.4,638.9,370.4,325.8,143.8,37.4,0.0,0.0,1598.1,61.0,20.8,1478.9,37.4,2094,,DEOGHAR,
Jharkhand,Deoghar,IMD110-P2092,1985,4.9,1.7,1.1,6.9,32.0,162.6,393.7,318.6,193.6,155.5,2.3,21.5,1294.3,6.6,40.0,1068.4,179.3,2094,,DEOGHAR,
Jharkhand,Deoghar,IMD110-P2092,1986,0.0,24.9,0.0,45.0,103.5,289.0,261.1,185.0,238.4,180.2,11.6,12.2,1350.8,24.9,148.5,973.6,203.9,2094,,DEOGHAR,
Jharkhand,Deoghar,IMD110-P2092,1987,0.4,2.2,1.2,44.4,81.3,216.9,472.6,494.8,288.7,14.7,18.6,7.1,1643.1,2.6,126.9,1473.0,40.5,2094,,DEOGHAR,
Jharkhand,Deoghar,IMD110-P2092,1988,10.3,30.5,46.3,31.1,62.3,174.8,290.7,261.6,186.8,55.4,13.1,0.9,1163.9,40.8,139.8,913.8,69.5,2094,,DEOGHAR,
Jharkhand,Deoghar,IMD110-P2092,1989,5.0,0.2,2.1,0.1,115.0,160.8,290.0,217.3,269.3,50.4,2.8,10.8,1123.8,5.1,117.2,937.4,64.0,2094,,DEOGHAR,
Jharkhand,Deoghar,IMD110-P2092,1991,9.0,7.1,9.8,7.9,14.8,140.1,118.1,360.0,291.5,11.0,0.0,34.0,1003.2,16.1,32.5,909.6,45.0,2094,,DEOGHAR,
Jharkhand,Deoghar,IMD110-P2092,1992,7.5,10.4,0.1,4.6,70.6,97.5,345.2,211.7,130.4,18.8,3.2,0.0,900.1,18.0,75.3,784.8,22.1,2094,,DEOGHAR,
Jharkhand,Deoghar,IMD110-P2092,1993,0.0,8.8,51.8,20.5,32.6,145.7,141.7,340.2,282.6,30.6,46.9,0.0,1101.5,8.8,104.9,910.2,77.5,2094,,DEOGHAR,
Jharkhand,Deoghar,IMD110-P2092,1994,20.4,33.7,0.8,37.8,17.7,232.2,217.4,267.0,115.8,136.9,1.2,0.0,1080.8,54.1,56.2,832.4,138.1,2094,,DEOGHAR,
Jharkhand,Deoghar,IMD110-P2092,1995,5.3,5.4,1.4,0.0,14.9,164.4,210.5,204.2,467.1,23.3,24.9,20.5,1141.9,10.7,16.4,1046.1,68.7,2094,,DEOGHAR,
Jharkhand,Deoghar,IMD110-P2092,1996,10.8,22.2,6.3,9.3,32.8,284.9,236.9,520.5,81.0,14.8,0.0,0.0,1219.5,32.9,48.5,1123.2,14.8,2094,,DEOGHAR,
Jharkhand,Deoghar,IMD110-P2092,1997,20.1,8.5,3.2,51.4,63.6,202.3,471.7,345.1,255.4,69.1,45.8,15.0,1551.2,28.6,118.2,1274.4,130.0,2094,,DEOGHAR,
Jharkhand,Deoghar,IMD110-P2092,1998,36.5,16.5,80.0,39.5,52.2,94.8,347.1,284.2,319.3,224.0,18.4,0.0,1512.5,52.9,171.7,1045.4,242.5,2094,,DEOGHAR,
Jharkhand,Deoghar,IMD110-P2092,1999,0.0,0.0,0.3,1.1,86.1,243.8,424.0,379.2,401.5,194.9,0.4,0.0,1731.4,0.0,87.6,1448.5,195.3,2094,,DEOGHAR,
Jharkhand,Deoghar,IMD110-P2092,2000,0.9,33.0,11.8,55.0,75.8,198.7,356.3,165.2,806.6,18.8,0.0,0.0,1722.2,34.0,142.7,1526.8,18.8,2094,,DEOGHAR,
Jharkhand,Deoghar,IMD110-P2092,2001,0.0,0.0,0.5,9.8,75.3,444.3,151.6,179.7,413.4,180.2,0.0,0.0,1454.8,0.0,85.6,1188.9,180.2,2094,,DEOGHAR,
Jharkhand,Deoghar,IMD110-P2092,2002,0.0,6.0,4.8,14.8,102.0,303.6,347.7,377.4,465.5,86.3,0.0,0.0,1708.0,6.0,121.6,1494.1,86.3,2094,,DEOGHAR,
Jharkhand,Deoghar,IMD110-P2092,2003,0.0,15.8,25.6,6.7,14.5,212.8,206.1,219.8,178.1,189.2,0.0,0.0,1068.6,15.8,46.8,816.8,189.2,2095,,DEOGHAR,
Jharkhand,Deoghar,IMD110-P2092,2004,0.6,0.0,5.9,34.5,54.6,308.2,189.4,212.5,313.4,196.0,0.0,0.0,1315.1,0.6,95.0,1023.5,196.0,2095,,DEOGHAR,
Jharkhand,Deoghar,IMD110-P2092,2005,24.6,13.3,7.5,4.9,32.6,152.8,320.3,107.5,79.5,107.9,0.0,0.0,850.8,37.8,44.9,660.1,107.9,2095,,DEOGHAR,
Jharkhand,Deoghar,IMD110-P2092,2006,0.0,,22.2,,85.4,,815.4,,766.0,,21.0,,,,,,,2095,missing_months,DEOGHAR,
Jharkhand,Deoghar,IMD110-P2092,2007,0.0,49.0,18.6,13.3,68.6,122.2,573.5,305.8,410.9,51.9,0.0,0.0,1613.8,49.0,100.6,1412.4,51.9,2095,,DEOGHAR,
Jharkhand,Deoghar,IMD110-P2092,2008,32.4,3.6,1.8,16.5,53.5,233.2,405.4,221.1,176.5,14.4,0.0,0.0,1158.5,36.0,71.8,1036.2,14.4,2095,,DEOGHAR,
Jharkhand,Deoghar,IMD110-P2092,2009,0.3,7.1,0.1,0.0,120.7,29.8,214.2,297.0,289.8,107.4,0.0,0.0,1066.4,7.4,120.9,830.8,107.4,2095,,DEOGHAR,
Jharkhand,Deoghar,IMD110-P2092,2010,0.0,0.0,0.0,0.0,47.2,104.0,191.9,220.0,144.5,36.4,0.0,9.3,753.3,0.0,47.2,660.4,45.7,2095,,DEOGHAR,
Jharkhand,Dhanbad,IMD110-P2096,1901,,35.6,3.3,8.9,,,325.9,370.5,224.3,87.9,11.7,0.0,,,,,99.6,2096,missing_months,DHANBAD,
Jharkhand,Dhanbad,IMD110-P2096,1902,0.0,3.0,20.1,68.1,38.5,64.5,299.7,163.7,266.8,67.7,6.4,0.0,998.5,3.0,126.7,794.7,74.1,2096,,DHANBAD,
Jharkhand,Dhanbad,IMD110-P2096,1903,28.2,22.9,33.8,60.2,43.7,114.8,209.8,369.3,154.8,227.3,0.0,0.0,1264.8,51.1,137.7,848.7,227.3,2096,,DHANBAD,
Jharkhand,Dhanbad,IMD110-P2096,1904,0.0,3.3,37.7,11.2,83.1,328.5,649.1,187.0,127.9,23.9,0.0,0.0,1451.7,3.3,132.0,1292.5,23.9,2096,,DHANBAD,
Jharkhand,Dhanbad,IMD110-P2096,1905,19.4,81.8,115.3,32.0,95.0,105.4,400.5,248.8,391.7,89.7,0.0,2.3,1581.9,101.2,242.3,1146.4,92.0,2096,,DHANBAD,
Jharkhand,Dhanbad,IMD110-P2096,1906,30.8,71.0,68.8,2.0,47.1,139.2,196.8,398.9,170.0,76.3,0.0,0.0,1200.9,101.8,117.9,904.9,76.3,2096,,DHANBAD,
Jharkhand,Dhanbad,IMD110-P2096,1907,5.1,48.5,136.2,14.2,52.1,202.8,170.8,424.9,283.3,0.3,0.0,8.2,1346.4,53.6,202.5,1081.8,8.5,2096,,DHANBAD,
Jharkhand,Dhanbad,IMD110-P2096,1908,21.9,26.7,6.9,0.0,63.5,249.7,474.0,367.0,153.2,21.6,0.0,0.0,1384.5,48.6,70.4,1243.9,21.6,2096,,DHANBAD,
Jharkhand,Dhanbad,IMD110-P2096,1909,30.0,10.9,0.0,93.6,45.9,320.2,152.5,501.7,175.7,,0.0,6.4,,40.9,139.5,1150.1,,2096,missing_months,DHANBAD,
Jharkhand,Dhanbad,IMD110-P2096,1910,1.6,6.3,0.0,17.8,36.3,321.2,292.7,205.2,215.2,73.9,0.0,0.0,1170.3,8.0,54.0,1034.3,73.9,2096,,DHANBAD,
Jharkhand,Dhanbad,IMD110-P2096,1911,0.0,0.0,34.8,23.4,13.7,342.1,180.9,336.5,173.2,65.1,24.2,0.0,1194.0,0.0,71.9,1032.8,89.3,2096,,DHANBAD,
Jharkhand,Dhanbad,IMD110-P2096,1912,0.0,0.0,23.9,14.9,28.9,167.0,252.0,301.4,67.8,62.0,53.5,0.0,971.4,0.0,67.7,788.3,115.4,2096,,DHANBAD,
Jharkhand,Dhanbad,IMD110-P2096,1913,0.0,131.4,25.1,0.0,79.3,370.0,199.3,539.7,167.1,141.8,36.9,28.4,1719.2,131.4,104.5,1276.2,207.1,2096,,DHANBAD,
Jharkhand,Dhanbad,IMD110-P2096,1914,0.0,11.0,6.6,18.2,190.7,147.3,282.3,177.9,111.5,21.4,0.0,1.7,968.5,11.0,215.6,718.9,23.1,2096,,DHANBAD,
Jharkhand,Dhanbad,IMD110-P2096,1915,2.2,27.0,26.5,7.8,44.8,178.8,180.2,228.1,238.5,84.3,14.6,0.0,1032.7,29.2,79.1,825.6,98.9,2096,,DHANBAD,
Jharkhand,Dhanbad,IMD110-P2096,1916,0.0,13.3,0.0,21.8,8.2,277.4,221.0,408.7,291.9,250.5,7.4,0.0,1500.2,13.3,30.0,1199.0,257.9,2096,,DHANBAD,
Jharkhand,Dhanbad,IMD110-P2096,1917,0.9,25.1,17.7,6.1,112.6,291.7,408.8,250.2,312.5,417.2,0.0,0.0,1842.6,26.0,136.4,1263.1,417.2,2096,,DHANBAD,
Jharkhand,Dhanbad,IMD110-P2096,1918,2.1,0.0,13.9,33.6,59.9,399.5,114.0,411.3,134.6,0.0,0.0,0.0,1168.9,2.1,107.5,1059.3,0.0,2096,,DHANBAD,
Jharkhand,Dhanbad,IMD110-P2096,1919,95.1,6.6,6.6,23.8,74.4,287.0,394.9,316.4,182.2,103.8,0.0,0.0,1490.7,101.7,104.8,1180.4,103.8,2096,,DHANBAD,
Jharkhand,Dhanbad,IMD110-P2096,1920,0.0,22.4,111.1,29.8,36.6,142.8,427.8,179.0,220.2,6.8,0.0,0.0,1176.4,22.4,177.5,969.7,6.8,2096,,DHANBAD,
Jharkhand,Dhanbad,IMD110-P2096,1921,36.0,11.4,0.2,35.2,12.7,160.3,279.6,279.5,202.7,17.8,0.0,0.0,1035.2,47.3,48.0,922.1,17.8,2096,,DHANBAD,
Jharkhand,Dhanbad,IMD110-P2096,1922,9.2,5.4,0.0,15.9,23.2,429.6,281.4,447.5,320.2,85.2,0.8,4.0,1622.4,14.6,39.2,1478.6,90.0,2096,,DHANBAD,
Jharkhand,Dhanbad,IMD110-P2096,1923,0.5,60.7,7.5,9.0,19.2,193.2,316.5,399.2,103.5,44.9,6.2,0.2,1160.4,61.2,35.7,1012.3,51.3,2096,,DHANBAD,
Jharkhand,Dhanbad,IMD110-P2096,1924,6.0,1.5,0.0,24.2,24.4,164.7,548.1,327.5,319.1,67.6,78.3,0.0,1561.3,7.5,48.6,1359.3,145.9,2096,,DHANBAD,
Jharkhand,Dhanbad,IMD110-P2096,1925,13.9,11.2,15.9,36.4,108.7,138.8,360.2,281.3,96.5,94.9,0.0,0.0,1157.9,25.1,161.0,876.8,94.9,2096,,DHANBAD,
Jharkhand,Dhanbad,IMD110-P2096,1926,29.3,0.3,53.9,9.0,51.3,60.4,533.5,359.9,341.8,17.9,0.1,21.3,1478.6,29.6,114.2,1295.6,39.3,2096,,DHANBAD,
Jharkhand,Dhanbad,IMD110-P2096,1927,26.7,146.1,22.0,0.3,76.2,132.2,396.3,244.7,215.0,64.3,0.4,0.0,1324.2,172.7,98.5,988.2,64.7,2096,,DHANBAD,
Jharkhand,Dhanbad,IMD110-P2096,1928,42.0,9.2,0.1,12.3,67.7,428.9,388.2,147.2,82.1,216.7,4.5,0.0,1398.9,51.2,80.0,1046.3,221.3,2096,,DHANBAD,
Jharkhand,Dhanbad,IMD110-P2096,1929,35.8,28.3,15.1,12.4,20.1,102.0,487.1,478.4,108.2,252.1,0.0,42.2,1581.7,64.1,47.6,1175.7,294.3,2096,,DHANBAD,
Jharkhand,Dhanbad,IMD110-P2096,1930,0.0,8.5,3.6,10.0,48.6,154.7,540.5,253.7,217.2,118.4,133.7,0.4,1489.3,8.5,62.2,1166.1,252.6,2096,,DHANBAD,
Jharkhand,Dhanbad,IMD110-P2096,1931,7.7,100.3,19.2,6.0,26.6,80.8,392.9,389.1,231.8,61.7,10.3,0.0,1326.3,108.0,51.8,1094.6,71.9,2096,,DHANBAD,
Jharkhand,Dhanbad,IMD110-P2096,1932,0.0,37.8,0.0,6.4,38.9,100.4,349.6,271.4,209.6,43.7,65.3,3.5,1126.7,37.8,45.3,931.1,112.5,2096,,DHANBAD,
Jharkhand,Dhanbad,IMD110-P2096,1933,23.0,49.1,4.4,56.7,92.2,236.8,359.0,470.5,169.2,44.3,0.0,0.0,1505.1,72.1,153.3,1235.5,44.3,2096,,DHANBAD,
Jharkhand,Dhanbad,IMD110-P2096,1934,19.3,56.1,0.1,28.4,26.6,168.0,332.1,337.6,169.1,62.0,0.8,0.4,1200.3,75.4,55.0,1006.7,63.2,2097,,DHANBAD,
Jharkhand,Dhanbad,IMD110-P2096,1935,37.2,10.7,10.9,7.0,9.9,98.7,253.7,553.6,258.2,2.8,0.0,0.0,1242.6,47.9,27.8,1164.2,2.8,2097,,DHANBAD,
Jharkhand,Dhanbad,IMD110-P2096,1936,18.4,13.7,20.8,1.2,57.5,248.7,315.8,337.8,308.4,187.5,1.2,23.9,1535.0,32.1,79.5,1210.8,212.6,2097,,DHANBAD,
Jharkhand,Dhanbad,IMD110-P2096,1937,0.0,91.1,4.9,18.4,103.9,139.8,353.3,253.1,381.4,97.5,0.0,0.0,1443.4,91.1,127.3,1127.5,97.5,2097,,DHANBAD,
Jharkhand,Dhanbad,IMD110-P2096,1938,14.8,55.5,0.0,0.0,79.5,257.7,256.8,290.3,166.6,51.6,0.3,0.0,1173.1,70.3,79.5,971.4,51.9,2097,,DHANBAD,
Jharkhand,Dhanbad,IMD110-P2096,1939,3.6,22.3,28.6,11.1,44.6,183.9,322.1,488.2,254.2,121.3,26.8,0.0,1506.8,25.9,84.4,1248.4,148.1,2097,,DHANBAD,
Jharkhand,Dhanbad,IMD110-P2096,1940,0.0,26.0,71.0,11.6,75.4,128.0,241.8,399.8,139.2,53.8,0.0,21.8,1168.5,26.0,158.0,908.9,75.6,2097,,DHANBAD,
Jharkhand,Dhanbad,IMD110-P2096,1941,24.8,0.7,0.0,10.1,53.9,259.5,271.3,276.2,241.5,256.8,10.9,0.0,1405.8,25.5,64.0,1048.6,267.7,2097,,DHANBAD,
Jharkhand,Dhanbad,IMD110-P2096,1942,0.9,43.2,43.7,27.6,32.2,179.7,512.0,463.5,328.6,13.0,1.0,0.0,1645.3,44.1,103.4,1483.8,14.0,2097,,DHANBAD,
Jharkhand,Dhanbad,IMD110-P2096,1943,38.3,3.7,1.2,36.0,9.8,99.5,530.4,395.8,248.1,52.3,0.0,0.0,1415.1,42.0,47.0,1273.8,52.3,2097,,DHANBAD,
Jharkhand,Dhanbad,IMD110-P2096,1944,21.9,33.4,9.6,23.1,9.8,168.1,354.9,388.1,177.3,50.5,0.0,0.0,1236.6,55.3,42.4,1088.4,50.5,2097,,DHANBAD,
Jharkhand,Dhanbad,IMD110-P2096,1945,30.0,36.7,0.0,18.3,30.5,187.9,298.2,211.2,295.3,167.0,5.4,0.3,1280.9,66.7,48.9,992.6,172.8,2097,,DHANBAD,
Jharkhand,Dhanbad,IMD110-P2096,1946,0.0,0.4,13.9,74.8,61.5,226.5,388.9,296.4,226.0,135.7,22.7,0.0,1446.8,0.4,150.2,1137.9,158.4,2097,,DHANBAD,
Jharkhand,Dhanbad,IMD110-P2096,1947,0.7,1.7,54.0,0.0,41.5,77.8,294.6,294.6,325.7,141.6,0.0,23.6,1255.8,2.4,95.5,992.7,165.2,2097,,DHANBAD,
Jharkhand,Dhanbad,IMD110-P2096,1948,17.0,10.3,10.6,0.8,58.0,158.3,457.5,293.8,129.4,78.4,73.8,0.0,1287.9,27.3,69.4,1039.0,152.2,2097,,DHANBAD,
Jharkhand,Dhanbad,IMD110-P2096,1949,11.9,11.2,18.9,59.4,134.5,244.1,414.5,320.4,263.3,45.8,0.0,0.0,1523.9,23.0,212.8,1242.3,45.8,2097,,DHANBAD,
Jharkhand,Dhanbad,IMD110-P2096,1950,0.0,14.3,24.6,0.0,41.8,466.8,407.6,291.6,132.7,24.8,2.3,2.5,1409.0,14.3,66.4,1298.6,29.6,2097,,DHANBAD,
Jharkhand,Dhanbad,IMD110-P2096,1951,0.6,0.0,7.7,13.0,26.2,193.8,315.6,180.4,194.5,57.8,4.9,0.0,994.5,0.6,46.9,884.3,62.7,2097,,DHANBAD,
Jharkhand,Dhanbad,IMD110-P2096,1952,0.3,6.4,15.8,27.7,54.5,178.0,379.2,282.4,234.8,90.1,0.0,0.0,1269.3,6.7,98.0,1074.4,90.1,2097,,DHANBAD,
Jharkhand,Dhanbad,IMD110-P2096,1953,89.2,19.4,0.0,7.5,20.7,182.1,482.1,448.6,233.7,9.3,13.3,0.0,1505.9,108.6,28.2,1346.5,22.5,2097,,DHANBAD,
Jharkhand,Dhanbad,IMD110-P2096,1954,24.7,0.4,1.5,0.7,34.8,165.4,266.3,208.5,345.0,48.6,0.0,11.4,1107.5,25.1,37.1,985.3,60.0,2097,,DHANBAD,
Jharkhand,Dhanbad,IMD110-P2096,1955,17.0,13.1,8.1,1.7,6.7,102.5,314.2,241.4,112.4,78.9,30.6,0.0,926.5,30.0,16.5,770.4,109.5,2097,,DHANBAD,
Jharkhand,Dhanbad,IMD110-P2096,1956,8.1,21.3,46.1,3.0,77.8,197.1,301.7,265.6,332.5,159.1,3.6,4.3,1420.2,29.4,126.9,1096.9,167.0,2097,,DHANBAD,
Jharkhand,Dhanbad,IMD110-P2096,1957,34.9,23.6,22.7,1.0,5.3,239.7,391.9,240.3,253.7,5.6,0.0,0.0,1218.6,58.5,29.0,1125.5,5.6,2097,,DHANBAD,
Jharkhand,Dhanbad,IMD110-P2096,1958,9.8,18.5,14.5,30.1,9.9,95.3,316.6,292.0,312.0,130.5,0.0,0.0,1229.0,28.2,54.4,1015.9,130.5,2097,,DHANBAD,
Jharkhand,Dhanbad,IMD110-P2096,1959,36.2,13.0,6.7,15.2,44.6,176.1,378.6,380.6,337.3,335.8,0.0,0.0,1724.0,49.2,66.4,1272.6,335.8,2097,,DHANBAD,
Jharkhand,Dhanbad,IMD110-P2096,1960,1.6,0.3,19.4,0.3,43.5,78.7,373.4,356.6,263.1,63.9,2.3,0.0,1203.0,1.9,63.2,1071.8,66.2,2097,,DHANBAD,
Jharkhand,Dhanbad,IMD110-P2096,1961,11.3,100.6,0.9,2.0,52.5,231.7,245.7,329.3,267.0,215.8,0.7,0.2,1457.8,111.9,55.4,1073.8,216.7,2097,,DHANBAD,
Jharkhand,Dhanbad,IMD110-P2096,1962,5.9,17.1,3.7,38.2,44.5,143.0,258.7,243.8,143.0,75.7,0.0,14.2,987.9,23.0,86.5,788.6,89.8,2097,,DHANBAD,
Jharkhand,Dhanbad,IMD110-P2096,1963,2.7,2.9,4.4,37.3,82.6,212.9,318.6,201.9,236.4,232.4,25.8,0.0,1357.9,5.5,124.3,969.8,258.2,2097,,DHANBAD,
Jharkhand,Dhanbad,IMD110-P2096,1964,0.1,4.6,5.9,33.4,71.8,163.2,332.7,252.0,154.1,75.8,0.0,0.0,1093.5,4.7,111.1,902.0,75.8,2097,,DHANBAD,
Jharkhand,Dhanbad,IMD110-P2096,1965,0.0,17.5,54.5,25.6,18.2,87.2,291.9,207.4,157.9,31.1,0.0,0.0,891.3,17.5,98.3,744.3,31.1,2097,,DHANBAD,
Jharkhand,Dhanbad,IMD110-P2096,1966,37.7,0.0,0.5,6.5,14.6,195.9,178.4,291.1,109.5,15.2,13.4,12.0,874.9,37.7,21.7,774.9,40.5,2097,,DHANBAD,
Jharkhand,Dhanbad,IMD110-P2096,1967,3.8,9.9,53.2,26.7,53.5,84.3,281.9,466.2,309.7,29.1,0.4,9.4,1328.0,13.7,133.5,1142.1,38.8,2097,,DHANBAD,
Jharkhand,Dhanbad,IMD110-P2096,1968,24.6,1.3,1.7,5.8,23.8,363.4,468.2,474.2,96.0,80.0,0.6,1.3,1540.8,26.0,31.2,1401.7,81.9,2098,,DHANBAD,
Jharkhand,Dhanbad,IMD110-P2096,1969,3.0,4.8,7.3,42.8,68.0,136.2,280.1,348.3,220.8,24.0,18.1,0.0,1153.4,7.9,118.0,985.4,42.2,2098,,DHANBAD,
Jharkhand,Dhanbad,IMD110-P2096,1970,12.5,6.9,10.4,8.3,24.9,196.4,275.1,210.8,410.1,75.9,2.9,0.0,1234.3,19.5,43.5,1092.5,78.8,2098,,DHANBAD,
Jharkhand,Dhanbad,IMD110-P2096,1971,31.6,22.7,4.6,89.9,88.0,306.0,510.9,438.3,234.4,84.7,13.5,1.3,1825.8,54.3,182.5,1489.6,99.5,2098,,DHANBAD,
Jharkhand,Dhanbad,IMD110-P2096,1972,15.5,36.3,0.3,6.4,0.1,88.8,186.7,349.9,191.3,74.9,10.2,0.0,960.4,51.7,6.8,816.8,85.1,2098,,DHANBAD,
Jharkhand,Dhanbad,IMD110-P2096,1973,4.2,4.3,31.8,8.1,85.2,190.1,248.3,304.4,407.9,283.5,14.0,0.3,1582.2,8.5,125.2,1150.8,297.8,2098,,DHANBAD,
Jharkhand,Dhanbad,IMD110-P2096,1974,4.7,0.0,48.7,4.8,70.5,67.3,437.6,283.6,298.6,73.5,0.0,0.0,1289.2,4.7,123.9,1087.1,73.5,2098,,DHANBAD,
Jharkhand,Dhanbad,IMD110-P2096,1975,13.5,11.2,30.9,6.2,18.5,153.1,466.6,266.3,435.7,139.8,0.0,0.0,1541.7,24.6,55.6,1321.8,139.8,2098,,DHANBAD,
Jharkhand,Dhanbad,IMD110-P2096,1976,0.0,23.1,0.7,18.4,42.8,120.5,245.7,201.4,231.2,5.7,3.9,0.0,893.5,23.1,62.0,798.8,9.6,2098,,DHANBAD,
Jharkhand,Dhanbad,IMD110-P2096,1977,8.3,15.7,11.2,44.9,89.9,363.0,431.6,274.0,149.4,32.1,23.7,32.1,1476.2,24.1,146.0,1218.0,88.0,2098,,DHANBAD,
Jharkhand,Dhanbad,IMD110-P2096,1978,0.4,32.0,38.6,40.9,30.5,366.2,217.7,353.8,544.5,166.9,7.3,4.6,1803.3,32.4,110.1,1482.1,178.7,2098,,DHANBAD,
Jharkhand,Dhanbad,IMD110-P2096,1979,39.2,49.0,13.5,11.0,5.5,136.6,274.8,167.6,159.8,16.2,14.8,17.0,905.0,88.2,30.0,738.8,47.9,2098,,DHANBAD,
Jharkhand,Dhanbad,IMD110-P2096,1980,9.6,9.4,36.4,3.0,33.1,308.3,292.4,352.1,323.3,153.7,0.0,0.1,1521.4,19.0,72.5,1276.2,153.8,2098,,DHANBAD,
Jharkhand,Dhanbad,IMD110-P2096,1981,39.8,59.3,30.3,40.2,109.1,140.0,398.3,183.6,209.1,0.0,2.7,17.2,1229.5,99.1,179.5,931.0,19.9,2098,,DHANBAD,
Jharkhand,Dhanbad,IMD110-P2096,1982,0.9,5.0,60.9,35.6,14.1,171.9,227.4,313.9,75.6,26.4,5.3,0.3,937.4,5.9,110.6,788.9,32.1,2098,,DHANBAD,
Jharkhand,Dhanbad,IMD110-P2096,1983,7.7,13.5,31.1,40.2,70.2,179.6,286.7,248.2,325.5,163.4,0.0,15.1,1381.3,21.3,141.6,1040.0,178.5,2098,,DHANBAD,
Jharkhand,Dhanbad,IMD110-P2096,1984,15.1,30.5,0.0,16.4,26.6,640.3,370.5,493.7,166.0,60.3,0.0,0.0,1819.5,45.6,43.0,1670.5,60.3,2098,,DHANBAD,
Jharkhand,Dhanbad,IMD110-P2096,1985,8.3,11.2,2.2,1.5,79.3,177.8,363.9,296.0,198.2,131.9,0.2,0.0,1270.6,19.5,83.0,1036.0,132.1,2098,,DHANBAD,
Jharkhand,Dhanbad,IMD110-P2096,1986,5.4,7.5,0.3,18.1,87.6,246.1,261.9,215.0,246.8,140.7,10.6,17.3,1257.2,12.9,106.0,969.8,168.6,2098,,DHANBAD,
Jharkhand,Dhanbad,IMD110-P2096,1987,4.4,5.5,25.2,34.3,60.1,143.1,390.4,402.2,281.0,3.1,29.8,5.2,1384.2,9.8,119.7,1216.7,38.1,2098,,DHANBAD,
Jharkhand,Dhanbad,IMD110-P2096,1988,4.3,27.9,59.2,9.5,29.9,215.1,324.9,351.6,228.8,62.8,8.3,0.0,1322.5,32.2,98.7,1120.4,71.2,2098,,DHANBAD,
Jharkhand,Dhanbad,IMD110-P2096,1989,4.1,0.0,2.9,0.0,94.9,224.2,369.0,365.6,295.9,54.0,7.8,20.2,1438.6,4.1,97.8,1254.8,82.0,2098,,DHANBAD,
Jharkhand,Dhanbad,IMD110-P2096,1990,3.4,72.5,31.5,15.1,90.6,202.2,532.6,323.2,313.5,201.6,6.5,0.0,1792.6,75.9,137.2,1371.5,208.0,2098,,DHANBAD,
Jharkhand,Dhanbad,IMD110-P2096,1991,20.9,7.3,22.8,10.7,36.8,211.7,246.5,326.7,293.7,78.7,0.0,28.2,1284.1,28.3,70.4,1078.6,106.9,2098,,DHANBAD,
Jharkhand,Dhanbad,IMD110-P2096,1992,2.6,17.0,0.0,6.2,55.1,209.2,332.7,320.3,241.7,38.2,0.0,0.0,1223.0,19.6,61.3,1103.9,38.2,2098,,DHANBAD,
Jharkhand,Dhanbad,IMD110-P2096,1993,0.0,5.5,26.8,37.5,81.9,234.9,176.0,310.1,531.1,68.8,46.2,0.0,1518.8,5.5,146.3,1252.1,115.0,2098,,DHANBAD,
Jharkhand,Dhanbad,IMD110-P2096,1994,23.6,34.1,9.5,40.2,32.6,375.3,344.4,311.2,203.6,116.7,0.2,0.0,1491.4,57.8,82.3,1234.4,116.9,2098,,DHANBAD,
Jharkhand,Dhanbad,IMD110-P2096,1995,7.9,18.9,18.2,0.5,41.5,130.7,369.5,352.7,683.1,51.3,63.3,8.1,1745.8,26.8,60.3,1536.0,122.7,2098,,DHANBAD,
Jharkhand,Dhanbad,IMD110-P2096,1996,14.1,13.4,0.7,6.3,26.1,307.4,227.2,508.7,180.5,34.0,0.0,0.0,1318.4,27.6,33.1,1223.8,34.0,2098,,DHANBAD,
Jharkhand,Dhanbad,IMD110-P2096,1997,25.7,24.4,5.4,70.8,51.4,225.7,402.7,466.9,227.8,49.3,47.3,24.1,1621.6,50.1,127.6,1323.0,120.8,2098,,DHANBAD,
Jharkhand,Dhanbad,IMD110-P2096,1998,38.3,30.7,73.1,47.4,51.9,125.2,386.5,337.7,294.5,159.3,16.9,0.0,1561.5,69.0,172.4,1143.9,176.2,2098,,DHANBAD,
Jharkhand,Dhanbad,IMD110-P2096,1999,0.0,0.0,0.0,0.0,107.1,179.7,429.7,405.2,484.6,178.9,0.4,0.0,1785.5,0.0,107.1,1499.2,179.3,2098,,DHANBAD,
Jharkhand,Dhanbad,IMD110-P2096,2000,4.5,41.0,9.0,39.7,113.6,254.6,328.3,107.5,417.7,46.4,0.0,0.0,1362.2,45.5,162.3,1108.0,46.4,2098,,DHANBAD,
Jharkhand,Dhanbad,IMD110-P2096,2001,0.0,0.0,25.9,26.3,130.7,485.8,358.9,225.1,178.7,169.9,0.3,0.0,1601.6,0.0,182.8,1248.6,170.2,2098,,DHANBAD,
Jharkhand,Dhanbad,IMD110-P2096,2002,7.6,8.3,15.0,12.3,53.3,301.9,259.0,252.4,325.0,103.1,1.3,0.0,1339.3,16.0,80.6,1138.4,104.4,2099,,DHANBAD,
Jharkhand,Dhanbad,IMD110-P2096,2003,4.2,49.2,53.7,38.7,14.6,263.4,353.0,285.0,182.0,189.4,1.2,3.2,1437.5,53.4,107.0,1083.4,193.8,2099,,DHANBAD,
Jharkhand,Dhanbad,IMD110-P2096,2004,6.5,0.0,4.1,32.9,60.5,226.1,236.6,321.5,208.4,144.9,0.0,10.1,1251.6,6.5,97.5,992.6,155.1,2099,,DHANBAD,
Jharkhand,Dhanbad,IMD110-P2096,2005,45.5,20.5,26.4,23.2,32.4,152.3,425.8,138.2,96.1,113.1,0.5,2.8,1076.8,65.9,81.9,812.4,116.5,2099,,DHANBAD,
Jharkhand,Dhanbad,IMD110-P2096,2007,0.0,53.3,30.1,23.2,45.9,123.7,581.8,455.6,401.3,32.5,0.6,0.0,1748.2,53.3,99.2,1562.5,33.1,2099,,DHANBAD,
Jharkhand,Dhanbad,IMD110-P2096,2008,6.3,3.7,10.4,9.6,28.0,225.7,442.8,263.4,210.1,38.4,0.0,0.0,1238.2,10.0,47.9,1141.9,38.4,2099,,DHANBAD,
Jharkhand,Dhanbad,IMD110-P2096,2009,0.0,0.0,1.8,1.9,86.4,63.1,237.0,311.4,303.9,83.5,8.0,1.7,1098.7,0.0,90.1,915.4,93.2,2099,,DHANBAD,
Jharkhand,Dhanbad,IMD110-P2096,2010,0.0,7.3,0.0,5.8,47.9,122.7,172.1,237.9,255.6,71.7,0.0,14.2,935.3,7.3,53.8,788.2,85.9,2099,,DHANBAD,
Jharkhand,Dumka,IMD110-P2100,1901,35.8,13.0,12.7,15.9,43.8,74.9,349.9,352.2,255.8,56.5,32.4,0.0,1243.1,48.8,72.4,1032.9,89.0,2100,,DUMKA,
Jharkhand,Dumka,IMD110-P2100,1902,0.0,0.0,33.1,70.7,86.0,108.4,482.2,266.9,401.6,48.0,5.8,0.0,1502.7,0.0,189.8,1259.1,53.8,2100,,DUMKA,
Jharkhand,Dumka,IMD110-P2100,1903,4.6,14.8,10.6,41.5,70.4,169.8,141.7,326.5,197.4,164.6,0.3,0.0,1142.3,19.4,122.6,835.5,164.9,2100,,DUMKA,
Jharkhand,Dumka,IMD110-P2100,1904,0.0,3.7,7.7,12.3,189.1,371.8,511.0,277.9,140.8,3.1,0.0,1.5,1519.0,3.7,209.1,1301.5,4.7,2100,,DUMKA,
Jharkhand,Dumka,IMD110-P2100,1905,26.8,47.4,84.1,45.3,96.2,54.4,436.1,482.3,311.4,17.7,0.0,3.3,1605.0,74.2,225.5,1284.3,21.0,2100,,DUMKA,
Jharkhand,Dumka,IMD110-P2100,1906,32.4,83.2,23.0,0.8,47.6,220.3,308.2,322.9,153.3,284.1,7.6,0.0,1483.3,115.5,71.4,1004.7,291.8,2100,,DUMKA,
Jharkhand,Dumka,IMD110-P2100,1907,1.3,26.5,70.3,18.1,24.2,239.6,208.7,198.5,226.1,20.2,0.0,5.6,1039.1,27.8,112.6,872.9,25.8,2100,,DUMKA,
Jharkhand,Dumka,IMD110-P2100,1908,12.4,25.1,0.6,0.0,55.0,331.6,360.4,243.5,158.9,11.0,0.0,0.0,1198.6,37.5,55.7,1094.4,11.0,2100,,DUMKA,
Jharkhand,Dumka,IMD110-P2100,1909,12.9,5.1,0.0,65.6,30.0,425.5,231.2,481.2,222.7,46.7,0.0,5.2,1526.1,18.0,95.6,1360.5,51.9,2100,,DUMKA,
Jharkhand,Dumka,IMD110-P2100,1910,0.0,28.8,1.2,47.7,53.3,290.8,412.2,400.1,399.3,106.0,8.6,0.0,1748.0,28.8,102.2,1502.4,114.7,2100,,DUMKA,
Jharkhand,Dumka,IMD110-P2100,1911,0.0,0.0,22.3,12.2,55.1,561.5,236.5,277.3,300.6,128.5,11.1,0.0,1605.1,0.0,89.5,1375.9,139.6,2100,,DUMKA,
Jharkhand,Dumka,IMD110-P2100,1912,0.1,1.2,23.5,41.7,138.3,128.7,390.6,350.5,111.2,73.3,115.7,0.0,1374.9,1.3,203.5,981.1,189.0,2100,,DUMKA,
Jharkhand,Dumka,IMD110-P2100,1913,0.0,34.9,41.2,12.3,115.8,536.2,246.1,467.5,315.0,97.8,29.3,39.5,1935.6,34.9,169.3,1564.8,166.6,2100,,DUMKA,
Jharkhand,Dumka,IMD110-P2100,1914,0.0,31.2,11.4,56.1,281.7,200.7,653.0,302.1,155.1,18.6,0.0,3.0,1713.0,31.2,349.2,1310.9,21.6,2100,,DUMKA,
Jharkhand,Dumka,IMD110-P2100,1915,1.8,14.4,63.3,3.2,124.5,211.1,272.8,318.4,244.0,69.9,26.8,0.0,1350.3,16.3,190.9,1046.4,96.7,2100,,DUMKA,
Jharkhand,Dumka,IMD110-P2100,1916,0.0,5.3,0.0,17.2,0.0,472.9,427.5,371.1,366.2,360.0,26.6,0.0,2046.8,5.3,17.2,1637.7,386.5,2100,,DUMKA,
Jharkhand,Dumka,IMD110-P2100,1917,2.0,28.1,22.7,21.9,205.7,249.1,419.2,154.8,390.4,408.9,0.2,0.0,1903.0,30.1,250.3,1213.6,409.0,2100,,DUMKA,
Jharkhand,Dumka,IMD110-P2100,1918,1.0,0.0,2.5,20.7,92.2,331.4,245.4,570.1,214.5,22.4,0.0,0.0,1500.4,1.0,115.4,1361.5,22.4,2100,,DUMKA,
Jharkhand,Dumka,IMD110-P2100,1919,85.8,20.5,0.7,6.3,100.3,284.8,452.4,421.3,248.6,106.7,3.1,0.0,1730.4,106.3,107.3,1407.0,109.8,2100,,DUMKA,
Jharkhand,Dumka,IMD110-P2100,1920,0.0,20.5,88.4,12.0,106.5,127.1,550.2,249.3,355.6,17.6,0.0,0.0,1527.2,20.5,206.9,1282.2,17.6,2100,,DUMKA,
Jharkhand,Dumka,IMD110-P2100,1921,38.9,4.3,1.4,13.1,54.5,230.4,336.6,424.5,206.0,41.0,0.0,0.0,1350.7,43.2,69.0,1197.5,41.0,2100,,DUMKA,
Jharkhand,Dumka,IMD110-P2100,1922,8.0,8.4,0.0,3.7,23.7,692.6,328.2,325.7,263.9,61.6,4.0,1.4,1721.2,16.5,27.4,1610.4,67.0,2100,,DUMKA,
Jharkhand,Dumka,IMD110-P2100,1923,0.3,54.5,9.5,16.7,70.7,133.4,275.8,318.8,140.6,82.2,8.9,0.8,1112.1,54.8,96.9,868.5,91.9,2100,,DUMKA,
Jharkhand,Dumka,IMD110-P2100,1924,10.1,4.5,1.6,27.5,24.9,218.6,379.7,296.3,456.3,69.3,60.2,0.0,1549.0,14.5,54.0,1351.0,129.5,2100,,DUMKA,
Jharkhand,Dumka,IMD110-P2100,1925,37.5,18.1,35.9,65.7,184.1,212.3,435.2,275.0,264.7,83.0,0.0,0.0,1611.6,55.7,285.7,1187.2,83.0,2100,,DUMKA,
Jharkhand,Dumka,IMD110-P2100,1926,31.5,0.0,51.9,22.6,42.8,68.5,479.1,296.7,270.5,36.4,1.2,13.1,1314.5,31.5,117.3,1114.9,50.7,2100,,DUMKA,
Jharkhand,Dumka,IMD110-P2100,1927,35.6,82.6,35.1,3.1,116.1,200.4,322.6,236.9,169.7,50.6,0.0,0.0,1252.6,118.1,154.3,929.6,50.6,2100,,DUMKA,
Jharkhand,Dumka,IMD110-P2100,1928,43.5,1.5,0.2,11.2,56.7,458.8,468.0,216.0,228.2,219.7,0.0,0.4,1704.1,45.0,68.1,1371.0,220.0,2100,,DUMKA,
Jharkhand,Dumka,IMD110-P2100,1929,28.1,1.3,24.9,25.2,65.5,183.7,360.7,298.4,92.3,406.2,0.0,41.6,1527.9,29.4,115.5,935.2,447.8,2100,,DUMKA,
Jharkhand,Dumka,IMD110-P2100,1930,0.0,13.4,18.1,8.9,26.9,134.8,391.9,283.9,162.6,100.8,126.0,0.0,1267.4,13.4,53.9,973.2,226.9,2100,,DUMKA,
Jharkhand,Dumka,IMD110-P2100,1931,9.1,72.6,37.0,0.0,43.8,276.8,445.8,230.7,370.8,71.2,24.2,5.4,1587.4,81.7,80.8,1324.2,100.8,2100,,DUMKA,
Jharkhand,Dumka,IMD110-P2100,1932,0.1,30.1,0.0,9.3,58.1,55.2,373.7,271.0,279.8,62.6,47.7,0.4,1188.0,30.2,67.4,979.7,110.7,2100,,DUMKA,
Jharkhand,Dumka,IMD110-P2100,1933,47.2,25.8,2.2,47.3,132.5,218.8,297.9,492.6,147.5,101.3,0.0,0.0,1513.1,73.1,181.9,1156.8,101.3,2100,,DUMKA,
Jharkhand,Dumka,IMD110-P2100,1934,40.4,23.3,0.9,37.9,44.6,188.6,302.4,304.6,230.8,63.1,0.3,5.9,1242.7,63.6,83.4,1026.4,69.2,2101,,DUMKA,
Jharkhand,Dumka,IMD110-P2100,1935,15.9,18.7,4.8,1.4,28.2,131.8,230.4,578.8,307.7,15.8,0.0,0.0,1333.6,34.6,34.4,1248.7,15.8,2101,,DUMKA,
Jharkhand,Dumka,IMD110-P2100,1936,14.4,5.2,13.3,13.1,131.6,270.0,395.0,310.0,478.8,103.4,7.3,8.6,1750.6,19.6,158.0,1453.7,119.3,2101,,DUMKA,
Jharkhand,Dumka,IMD110-P2100,1937,0.0,136.5,0.8,35.3,145.6,148.4,182.4,354.6,253.1,181.3,0.0,0.0,1437.9,136.5,181.7,938.5,181.3,2101,,DUMKA,
Jharkhand,Dumka,IMD110-P2100,1938,2.9,28.5,0.0,0.6,224.7,322.5,200.6,312.9,137.8,69.9,0.3,0.0,1300.6,31.4,225.3,973.7,70.2,2101,,DUMKA,
Jharkhand,Dumka,IMD110-P2100,1939,7.5,48.9,25.0,6.2,71.9,276.6,491.4,345.6,365.1,206.4,0.0,0.0,1844.6,56.3,103.2,1478.8,206.4,2101,,DUMKA,
Jharkhand,Dumka,IMD110-P2100,1940,0.0,51.2,70.3,13.3,74.9,131.5,204.9,272.4,168.3,37.4,0.0,10.0,1034.3,51.2,158.5,777.1,47.5,2101,,DUMKA,
Jharkhand,Dumka,IMD110-P2100,1941,39.0,0.0,0.9,13.7,66.9,317.2,346.1,352.2,208.2,228.0,12.0,0.0,1584.2,39.0,81.4,1223.7,240.1,2101,,DUMKA,
Jharkhand,Dumka,IMD110-P2100,1942,0.1,45.2,17.6,22.7,64.2,151.4,423.5,701.4,413.1,102.8,26.4,0.0,1968.4,45.3,104.5,1689.4,129.3,2101,,DUMKA,
Jharkhand,Dumka,IMD110-P2100,1943,41.7,11.7,0.3,67.0,52.7,186.6,631.2,293.6,262.2,79.9,0.0,0.0,1626.8,53.4,119.9,1373.7,79.9,2101,,DUMKA,
Jharkhand,Dumka,IMD110-P2100,1944,12.1,27.9,13.9,61.3,51.7,147.2,415.8,438.1,175.7,36.5,0.0,0.0,1380.1,40.0,126.8,1176.8,36.5,2101,,DUMKA,
Jharkhand,Dumka,IMD110-P2100,1945,20.8,22.0,1.1,34.2,74.4,159.6,300.0,430.1,287.4,221.5,0.0,0.0,1551.2,42.8,109.7,1177.2,221.5,2101,,DUMKA,
Jharkhand,Dumka,IMD110-P2100,1946,0.0,2.4,6.3,153.1,81.4,224.7,326.5,248.3,257.8,207.0,19.4,0.0,1527.1,2.4,240.9,1057.4,226.4,2101,,DUMKA,
Jharkhand,Dumka,IMD110-P2100,1947,0.1,5.5,32.8,11.4,43.9,176.8,349.4,356.7,258.1,121.2,0.8,11.4,1368.0,5.5,88.1,1141.0,133.3,2101,,DUMKA,
Jharkhand,Dumka,IMD110-P2100,1948,0.6,4.7,8.9,51.9,56.4,200.4,338.1,289.4,172.4,101.1,98.9,0.0,1322.7,5.3,117.2,1000.2,200.0,2101,,DUMKA,
Jharkhand,Dumka,IMD110-P2100,1949,0.3,9.4,53.6,35.7,211.7,267.5,452.7,415.8,215.1,39.1,0.0,0.0,1700.9,9.6,301.0,1351.2,39.1,2101,,DUMKA,
Jharkhand,Dumka,IMD110-P2100,1950,0.0,8.2,10.1,5.3,90.8,450.6,311.4,398.3,159.9,55.8,7.5,4.6,1502.5,8.2,106.2,1320.2,67.9,2101,,DUMKA,
Jharkhand,Dumka,IMD110-P2100,1951,1.4,0.0,6.1,3.2,23.1,180.5,363.0,273.5,189.5,100.3,13.3,0.0,1154.0,1.4,32.5,1006.5,113.6,2101,,DUMKA,
Jharkhand,Dumka,IMD110-P2100,1952,0.0,4.7,33.7,52.6,85.5,278.9,398.2,384.6,314.6,216.2,4.8,0.0,1773.8,4.7,171.9,1376.3,220.9,2101,,DUMKA,
Jharkhand,Dumka,IMD110-P2100,1953,75.2,7.3,0.5,4.9,45.1,279.0,536.1,295.6,388.5,33.2,17.3,0.0,1682.6,82.5,50.4,1499.2,50.4,2101,,DUMKA,
Jharkhand,Dumka,IMD110-P2100,1954,17.5,5.0,0.0,1.1,54.7,137.0,344.5,212.1,229.2,61.4,4.3,3.5,1070.3,22.6,55.9,922.8,69.1,2101,,DUMKA,
Jharkhand,Dumka,IMD110-P2100,1955,25.7,10.1,9.1,22.5,33.3,146.8,426.7,218.6,130.3,75.2,30.3,0.0,1128.7,35.8,65.0,922.4,105.5,2101,,DUMKA,
Jharkhand,Dumka,IMD110-P2100,1956,7.9,34.4,25.8,39.2,115.2,316.7,286.1,352.1,435.0,188.6,65.0,6.2,1872.1,42.3,180.1,1389.9,259.8,2101,,DUMKA,
Jharkhand,Dumka,IMD110-P2100,1957,133.6,10.5,13.9,0.0,1.5,161.4,332.8,190.1,310.6,46.8,0.0,0.0,1201.2,144.0,15.4,995.0,46.8,2101,,DUMKA,
Jharkhand,Dumka,IMD110-P2100,1958,6.2,21.5,3.4,6.7,45.9,103.1,275.3,482.2,209.6,152.9,0.0,0.0,1306.7,27.7,56.0,1070.2,152.9,2101,,DUMKA,
Jharkhand,Dumka,IMD110-P2100,1959,59.6,2.8,10.5,30.3,35.8,149.8,356.4,413.2,372.6,702.5,0.0,0.0,2133.6,62.4,76.6,1292.0,702.5,2101,,DUMKA,
Jharkhand,Dumka,IMD110-P2100,1960,2.4,0.0,37.7,0.0,91.2,134.1,261.7,308.6,295.0,88.0,0.2,0.0,1218.9,2.4,128.9,999.4,88.2,2101,,DUMKA,
Jharkhand,Dumka,IMD110-P2100,1961,12.1,84.8,0.0,0.0,71.4,190.4,220.2,298.5,275.7,137.6,0.3,0.0,1291.0,96.9,71.4,984.8,137.9,2101,,DUMKA,
Jharkhand,Dumka,IMD110-P2100,1962,8.1,6.2,0.7,22.2,67.1,133.3,213.0,379.0,196.2,101.2,0.0,0.2,1127.2,14.3,90.0,921.5,101.5,2101,,DUMKA,
Jharkhand,Dumka,IMD110-P2100,1963,3.5,3.0,7.7,52.4,77.2,281.4,257.1,159.8,242.3,220.5,44.8,0.0,1349.8,6.5,137.3,940.7,265.3,2101,,DUMKA,
Jharkhand,Dumka,IMD110-P2100,1964,0.8,0.1,9.3,54.5,88.8,179.0,295.4,190.9,160.8,83.6,0.0,0.0,1063.2,0.9,152.7,826.0,83.6,2101,,DUMKA,
Jharkhand,Dumka,IMD110-P2100,1965,1.1,8.7,19.3,15.3,31.9,107.1,213.9,294.6,183.2,27.5,0.0,0.2,902.9,9.9,66.4,798.9,27.7,2101,,DUMKA,
Jharkhand,Dumka,IMD110-P2100,1966,23.9,0.2,0.8,4.8,36.9,121.3,235.9,330.0,150.7,27.2,24.9,0.7,957.2,24.0,42.5,837.9,52.8,2101,,DUMKA,
Jharkhand,Dumka,IMD110-P2100,1967,7.2,4.7,79.0,58.8,39.0,101.9,214.3,368.4,174.7,37.4,0.0,1.1,1086.3,11.8,176.8,859.2,38.4,2101,,DUMKA,
Jharkhand,Dumka,IMD110-P2100,1968,7.5,1.0,1.1,10.3,39.2,311.7,382.3,302.9,106.7,198.9,0.0,1.3,1362.9,8.5,50.6,1103.6,200.3,2102,,DUMKA,
Jharkhand,Dumka,IMD110-P2100,1969,1.6,0.8,5.3,28.0,122.8,171.2,274.7,406.1,227.3,91.6,71.7,0.0,1401.0,2.4,156.1,1079.2,163.4,2102,,DUMKA,
Jharkhand,Dumka,IMD110-P2100,1970,20.1,3.3,4.6,6.4,39.8,181.7,348.9,234.2,330.7,126.5,4.0,0.0,1300.2,23.4,50.8,1095.4,130.6,2102,,DUMKA,
Jharkhand,Dumka,IMD110-P2100,1971,32.3,13.1,1.6,159.4,79.2,311.5,601.9,546.8,406.4,119.1,10.6,0.0,2282.1,45.4,240.3,1866.6,129.8,2102,,DUMKA,
Jharkhand,Dumka,IMD110-P2100,1972,13.7,25.0,0.9,5.5,17.3,69.7,146.3,425.5,179.0,52.3,3.7,0.0,939.1,38.7,23.7,820.6,56.0,2102,,DUMKA,
Jharkhand,Dumka,IMD110-P2100,1973,4.9,4.9,4.2,62.0,102.2,366.5,289.7,225.8,467.2,208.9,26.3,2.8,1765.4,9.8,168.3,1349.2,238.0,2102,,DUMKA,
Jharkhand,Dumka,IMD110-P2100,1974,1.8,0.0,25.6,19.9,58.8,112.1,365.0,239.9,398.7,45.1,0.0,0.4,1267.3,1.8,104.3,1115.7,45.5,2102,,DUMKA,
Jharkhand,Dumka,IMD110-P2100,1975,9.4,7.9,12.8,6.1,75.7,154.7,588.9,194.5,247.3,120.3,0.0,0.0,1417.6,17.2,94.7,1185.4,120.3,2102,,DUMKA,
Jharkhand,Dumka,IMD110-P2100,1976,0.0,19.8,0.7,10.7,99.5,89.6,280.2,229.8,260.1,22.8,13.1,0.0,1026.4,19.8,110.9,859.8,35.9,2102,,DUMKA,
Jharkhand,Dumka,IMD110-P2100,1977,6.5,13.9,1.8,39.7,187.3,380.0,686.8,137.1,168.7,125.8,10.3,12.4,1770.2,20.4,228.7,1372.6,148.4,2102,,DUMKA,
Jharkhand,Dumka,IMD110-P2100,1978,0.8,34.7,22.3,64.2,50.9,281.7,270.1,411.9,487.5,229.2,3.8,1.4,1858.4,35.5,137.4,1451.1,234.4,2102,,DUMKA,
Jharkhand,Dumka,IMD110-P2100,1979,27.5,24.2,2.5,29.3,15.5,106.4,401.6,263.6,242.4,168.2,7.9,20.3,1309.5,51.7,47.4,1014.0,196.5,2102,,DUMKA,
Jharkhand,Dumka,IMD110-P2100,1980,28.9,22.4,24.4,2.1,72.7,273.0,359.2,364.6,200.9,124.3,0.0,0.9,1473.3,51.2,99.2,1197.6,125.2,2102,,DUMKA,
Jharkhand,Dumka,IMD110-P2100,1981,19.5,37.7,,,154.8,,533.6,,216.3,0.0,0.9,53.5,,57.2,,,54.4,2102,missing_months,DUMKA,
Jharkhand,Dumka,IMD110-P2100,1982,7.9,8.4,77.1,27.3,11.0,178.5,148.9,234.1,69.3,24.9,46.0,0.5,834.1,16.4,115.4,630.8,71.4,2102,,DUMKA,
Jharkhand,Dumka,IMD110-P2100,1983,6.6,8.4,32.5,33.8,74.7,163.4,296.4,244.9,360.8,142.1,0.0,13.2,1376.9,15.0,141.0,1065.6,155.3,2102,,DUMKA,
Jharkhand,Dumka,IMD110-P2100,1984,24.1,12.3,0.0,14.1,25.2,605.2,343.9,443.8,225.1,56.7,1.9,0.0,1752.1,36.3,39.3,1618.0,58.5,2102,,DUMKA,
Jharkhand,Dumka,IMD110-P2100,1985,3.8,5.9,3.0,1.1,34.8,71.6,273.8,178.4,99.0,151.0,4.0,0.0,826.3,9.6,38.9,622.8,155.0,2102,,DUMKA,
Jharkhand,Dumka,IMD110-P2100,1986,0.4,4.4,0.2,31.5,146.2,173.2,268.7,183.5,293.9,257.8,11.5,1.5,1373.0,4.8,178.0,919.4,270.8,2102,,DUMKA,
Jharkhand,Dumka,IMD110-P2100,1987,,,,,,70.3,232.2,293.7,76.6,5.9,,0.5,,,,672.8,,2102,missing_months,DUMKA,
Jharkhand,Dumka,IMD110-P2100,1988,2.0,25.8,106.3,30.5,25.1,174.5,,,,,,,,27.8,161.9,,,2102,missing_months,DUMKA,
Jharkhand,Dumka,IMD110-P2100,1989,1.7,0.0,1.0,0.0,129.1,135.7,279.8,226.7,335.8,73.0,1.4,10.5,1194.6,1.7,130.1,978.0,84.9,2102,,DUMKA,
Jharkhand,Dumka,IMD110-P2100,1990,0.0,33.9,33.1,28.7,82.5,271.8,562.1,176.7,209.3,262.7,0.0,0.0,1660.8,33.9,144.2,1220.0,262.7,2102,,DUMKA,
Jharkhand,Dumka,IMD110-P2100,1991,2.0,0.2,9.0,6.5,46.4,212.5,187.6,298.5,365.1,74.1,0.0,51.2,1253.0,2.2,61.9,1063.7,125.2,2102,,DUMKA,
Jharkhand,Dumka,IMD110-P2100,1992,6.8,23.3,0.0,7.7,65.3,161.1,472.4,283.4,239.9,35.7,2.2,2.4,1300.3,30.2,73.1,1156.8,40.3,2102,,DUMKA,
Jharkhand,Dumka,IMD110-P2100,1993,0.3,5.0,45.0,8.7,43.7,239.4,236.0,429.5,401.4,55.7,27.6,0.0,1492.2,5.3,97.4,1306.3,83.3,2102,,DUMKA,
Jharkhand,Dumka,IMD110-P2100,1994,16.8,37.0,2.2,48.7,37.4,294.4,236.1,283.6,121.7,146.4,3.2,0.0,1227.6,53.8,88.4,935.8,149.6,2102,,DUMKA,
Jharkhand,Dumka,IMD110-P2100,1995,10.2,10.1,3.3,0.1,31.9,188.3,346.2,201.9,453.8,51.5,84.0,10.3,1391.6,20.3,35.2,1190.2,145.8,2102,,DUMKA,
Jharkhand,Dumka,IMD110-P2100,1996,3.3,27.7,6.2,30.8,48.5,253.2,221.1,470.2,130.6,4.2,0.0,0.0,1195.9,31.0,85.6,1075.1,4.2,2102,,DUMKA,
Jharkhand,Dumka,IMD110-P2100,1997,11.7,3.2,1.1,54.7,77.6,161.5,445.9,318.2,247.4,61.8,35.7,23.5,1442.3,14.9,133.4,1173.1,121.0,2102,,DUMKA,
Jharkhand,Dumka,IMD110-P2100,1998,17.5,12.1,90.5,24.2,34.1,125.0,409.0,285.0,380.5,162.0,15.9,0.0,1555.8,29.6,148.8,1199.5,178.0,2102,,DUMKA,
Jharkhand,Dumka,IMD110-P2100,1999,0.0,0.0,0.0,8.3,188.4,357.4,508.6,434.9,549.4,194.2,13.5,4.3,2259.1,0.0,196.7,1850.3,212.0,2102,,DUMKA,
Jharkhand,Dumka,IMD110-P2100,2000,0.7,31.1,5.6,40.8,120.9,218.3,275.0,170.3,789.7,54.0,0.4,0.0,1706.8,31.8,167.2,1453.3,54.5,2102,,DUMKA,
Jharkhand,Dumka,IMD110-P2100,2001,0.0,0.0,1.7,20.0,114.5,345.4,161.6,180.0,252.4,255.5,3.7,0.0,1334.9,0.0,136.2,939.4,259.3,2102,,DUMKA,
Jharkhand,Dumka,IMD110-P2100,2002,6.6,2.2,9.8,60.3,128.5,242.5,269.3,396.0,353.3,77.4,2.5,0.0,1548.4,8.8,198.5,1261.2,79.9,2103,,DUMKA,
Jharkhand,Dumka,IMD110-P2100,2003,2.9,45.7,49.3,34.3,63.2,228.9,139.3,203.0,250.2,300.4,0.0,2.1,1319.2,48.6,146.9,821.3,302.5,2103,,DUMKA,
Jharkhand,Dumka,IMD110-P2100,2004,7.8,0.0,9.4,29.8,63.6,419.7,225.7,204.3,429.0,306.1,0.0,0.0,1695.4,7.8,102.7,1278.8,306.1,2103,,DUMKA,
Jharkhand,Dumka,IMD110-P2100,2005,32.9,13.1,37.5,18.9,70.7,173.1,409.3,166.1,97.8,178.4,0.7,0.0,1198.5,45.9,127.2,846.3,179.2,2103,,DUMKA,
Jharkhand,Dumka,IMD110-P2100,2006,0.0,0.0,9.5,0.0,111.4,519.5,511.3,305.0,574.7,1.2,8.8,0.0,2041.3,0.0,120.9,1910.4,10.0,2103,,DUMKA,
Jharkhand,Dumka,IMD110-P2100,2007,0.0,51.1,30.4,23.3,67.1,189.0,496.0,277.0,479.0,43.5,0.5,0.0,1657.0,51.1,120.9,1441.0,44.0,2103,,DUMKA,
Jharkhand,Dumka,IMD110-P2100,2008,20.4,0.0,16.0,,68.4,208.2,314.8,363.0,,,0.0,0.0,,20.4,,,,2103,missing_months,DUMKA,
Jharkhand,Dumka,IMD110-P2100,2009,0.3,7.5,0.9,5.3,110.9,51.2,193.4,240.0,277.3,88.3,0.0,0.0,975.1,7.7,117.1,762.0,88.3,2103,,DUMKA,
Jharkhand,Dumka,IMD110-P2100,2010,0.0,0.0,0.0,0.0,36.6,138.5,223.9,198.9,207.9,77.5,2.2,1.6,887.0,0.0,36.6,769.2,81.2,2103,,DUMKA,
Jharkhand,Garhwa,IMD110-P2104,1902,24.8,21.8,2.5,3.4,4.9,37.0,382.6,163.2,323.3,11.6,5.1,0.0,980.2,46.6,10.8,906.1,16.7,2104,,GARHWA,
Jharkhand,Garhwa,IMD110-P2104,1903,10.2,12.5,3.3,1.7,21.3,44.7,155.9,217.3,192.0,144.5,0.0,0.0,803.3,22.7,26.3,609.8,144.5,2104,,GARHWA,
Jharkhand,Garhwa,IMD110-P2104,1904,5.3,11.9,36.0,2.1,60.0,165.1,337.7,357.5,65.5,41.7,0.7,0.0,1083.4,17.2,98.1,925.8,42.3,2104,,GARHWA,
Jharkhand,Garhwa,IMD110-P2104,1905,46.0,25.1,45.8,12.0,10.0,23.0,271.5,213.9,434.0,8.4,0.0,3.4,1093.3,71.1,67.8,942.5,11.8,2104,,GARHWA,
Jharkhand,Garhwa,IMD110-P2104,1906,29.0,86.3,20.7,0.0,13.2,104.2,518.0,135.2,305.3,41.6,0.0,0.0,1253.5,115.3,33.9,1062.8,41.6,2104,,GARHWA,
Jharkhand,Garhwa,IMD110-P2104,1907,6.3,121.8,40.3,42.5,11.3,309.1,186.0,588.4,42.3,0.0,0.0,0.0,1348.0,128.1,94.1,1125.8,0.0,2104,,GARHWA,
Jharkhand,Garhwa,IMD110-P2104,1908,22.6,94.2,10.8,0.0,3.7,66.9,277.8,264.4,165.3,24.0,0.0,0.5,930.1,116.7,14.4,774.4,24.5,2104,,GARHWA,
Jharkhand,Garhwa,IMD110-P2104,1909,45.0,11.1,0.0,46.0,8.1,359.4,432.2,243.0,191.2,7.2,0.0,2.3,1345.4,56.0,54.1,1225.8,9.5,2104,,GARHWA,
Jharkhand,Garhwa,IMD110-P2104,1910,11.6,6.2,9.5,13.5,9.2,153.0,231.1,414.8,276.9,50.8,25.6,0.0,1202.3,17.8,32.2,1075.9,76.4,2104,,GARHWA,
Jharkhand,Garhwa,IMD110-P2104,1911,6.4,3.8,25.2,0.0,1.9,444.4,79.9,378.5,245.1,169.7,78.8,0.0,1433.7,10.2,27.1,1147.9,248.5,2104,,GARHWA,
Jharkhand,Garhwa,IMD110-P2104,1912,1.5,20.1,0.5,21.3,12.6,60.1,385.6,313.0,102.2,0.8,16.0,0.0,933.6,21.6,34.3,860.8,16.8,2104,,GARHWA,
Jharkhand,Garhwa,IMD110-P2104,1913,7.7,68.3,34.6,0.0,31.9,342.9,471.5,447.6,153.0,42.5,1.3,17.7,1619.0,76.0,66.6,1415.0,61.4,2104,,GARHWA,
Jharkhand,Garhwa,IMD110-P2104,1914,0.0,18.9,40.7,1.6,57.4,98.3,237.3,421.9,68.2,1.4,0.0,6.0,951.8,18.9,99.6,825.8,7.5,2104,,GARHWA,
Jharkhand,Garhwa,IMD110-P2104,1915,25.2,68.1,6.1,1.6,18.6,87.8,278.0,324.5,254.6,43.5,48.3,0.0,1156.2,93.3,26.3,944.8,91.8,2104,,GARHWA,
Jharkhand,Garhwa,IMD110-P2104,1916,0.0,31.9,0.0,4.2,16.4,249.4,369.1,311.7,219.8,141.3,5.7,0.0,1349.6,31.9,20.6,1150.1,147.0,2104,,GARHWA,
Jharkhand,Garhwa,IMD110-P2104,1917,1.6,39.5,21.2,3.1,42.2,170.3,189.2,513.3,279.2,161.2,0.0,3.8,1424.8,41.2,66.5,1152.0,165.0,2104,,GARHWA,
Jharkhand,Garhwa,IMD110-P2104,1918,0.4,0.4,1.6,6.7,60.4,262.5,132.6,407.4,244.6,0.0,0.0,2.6,1119.4,0.8,68.8,1047.1,2.6,2104,,GARHWA,
Jharkhand,Garhwa,IMD110-P2104,1919,121.1,33.3,17.7,12.8,22.5,271.5,251.8,451.8,184.2,66.3,0.7,2.2,1435.7,154.4,52.9,1159.2,69.2,2104,,GARHWA,
Jharkhand,Garhwa,IMD110-P2104,1920,0.0,29.5,52.6,0.3,17.0,81.1,650.6,416.0,119.2,2.5,0.0,0.0,1368.6,29.5,69.8,1266.9,2.5,2104,,GARHWA,
Jharkhand,Garhwa,IMD110-P2104,1921,34.3,1.5,0.0,4.7,0.0,169.6,382.3,506.9,118.3,0.6,0.0,0.0,1218.1,35.8,4.7,1177.1,0.6,2104,,GARHWA,
Jharkhand,Garhwa,IMD110-P2104,1922,14.7,1.2,0.0,4.3,1.4,146.9,481.4,460.2,280.8,14.1,18.0,0.5,1423.5,15.9,5.7,1369.3,32.6,2104,,GARHWA,
Jharkhand,Garhwa,IMD110-P2104,1923,0.5,52.1,3.6,0.2,0.2,83.2,457.9,457.3,162.2,24.1,0.8,0.3,1242.3,52.6,4.0,1160.6,25.2,2104,,GARHWA,
Jharkhand,Garhwa,IMD110-P2104,1924,24.4,38.1,4.0,4.3,5.4,32.5,459.2,187.3,334.2,50.2,115.5,0.0,1255.2,62.6,13.7,1013.2,165.7,2104,,GARHWA,
Jharkhand,Garhwa,IMD110-P2104,1925,0.1,5.2,2.2,2.0,19.0,175.5,568.3,384.0,194.7,36.0,37.2,0.0,1424.2,5.3,23.2,1322.5,73.1,2104,,GARHWA,
Jharkhand,Garhwa,IMD110-P2104,1926,24.5,3.7,76.9,11.5,40.6,40.7,414.8,339.0,252.4,51.0,8.6,24.3,1287.8,28.2,128.9,1046.9,83.8,2104,,GARHWA,
Jharkhand,Garhwa,IMD110-P2104,1927,25.4,70.1,52.5,0.2,9.4,21.7,383.8,397.7,182.2,38.7,39.8,0.0,1221.3,95.4,62.0,985.3,78.5,2104,,GARHWA,
Jharkhand,Garhwa,IMD110-P2104,1928,74.0,42.5,0.7,32.2,12.3,191.8,436.6,143.3,130.8,105.5,0.0,16.2,1185.9,116.5,45.2,902.4,121.7,2104,,GARHWA,
Jharkhand,Garhwa,IMD110-P2104,1929,70.6,9.4,7.1,2.4,6.6,53.2,582.9,307.4,66.1,124.2,0.0,63.7,1293.5,80.0,16.1,1009.6,187.9,2104,,GARHWA,
Jharkhand,Garhwa,IMD110-P2104,1930,3.8,4.0,5.2,15.2,0.9,82.9,442.7,411.9,166.3,20.7,62.1,17.7,1233.4,7.7,21.3,1103.8,100.6,2104,,GARHWA,
Jharkhand,Garhwa,IMD110-P2104,1931,0.1,159.6,9.5,0.1,4.9,58.0,342.0,473.0,213.7,86.0,13.1,2.8,1362.8,159.7,14.4,1086.8,101.9,2104,,GARHWA,
Jharkhand,Garhwa,IMD110-P2104,1932,0.0,30.5,1.8,1.6,44.2,86.4,419.0,310.2,109.2,45.9,56.3,1.4,1106.6,30.5,47.7,924.9,103.5,2104,,GARHWA,
Jharkhand,Garhwa,IMD110-P2104,1933,95.4,57.7,6.6,28.3,55.8,175.7,335.9,505.2,154.7,57.0,0.0,0.5,1472.9,153.2,90.8,1171.4,57.5,2104,,GARHWA,
Jharkhand,Garhwa,IMD110-P2104,1934,35.9,0.5,2.4,1.5,0.0,99.5,414.1,360.3,227.3,36.0,24.5,0.1,1202.1,36.4,3.9,1101.1,60.6,2104,,GARHWA,
Jharkhand,Garhwa,IMD110-P2104,1935,47.8,14.0,5.4,16.0,0.8,124.5,309.0,504.3,146.2,0.0,0.0,0.0,1167.8,61.8,22.2,1083.9,0.0,2105,,GARHWA,
Jharkhand,Garhwa,IMD110-P2104,1936,14.0,22.4,21.2,1.4,33.3,266.1,321.5,312.2,345.4,149.7,11.9,15.4,1514.5,36.4,56.0,1245.1,177.0,2105,,GARHWA,
Jharkhand,Garhwa,IMD110-P2104,1937,0.0,87.8,3.7,15.8,12.8,74.2,578.9,251.0,199.4,71.2,0.0,0.0,1294.9,87.8,32.3,1103.6,71.2,2105,,GARHWA,
Jharkhand,Garhwa,IMD110-P2104,1938,36.9,26.0,0.1,1.6,39.3,175.7,265.3,309.4,198.6,36.7,0.1,0.0,1089.6,62.9,40.9,949.0,36.8,2105,,GARHWA,
Jharkhand,Garhwa,IMD110-P2104,1939,33.8,36.5,22.1,9.7,0.4,174.2,381.7,357.2,207.2,51.2,0.0,0.0,1274.1,70.3,32.2,1120.4,51.2,2105,,GARHWA,
Jharkhand,Garhwa,IMD110-P2104,1940,0.0,33.9,66.3,5.7,14.0,64.6,262.3,424.2,154.5,20.1,0.0,50.9,1096.5,33.9,86.0,905.6,71.0,2105,,GARHWA,
Jharkhand,Garhwa,IMD110-P2104,1941,59.1,10.7,4.0,0.0,11.6,257.5,246.6,409.1,169.6,72.8,2.5,0.0,1243.5,69.9,15.6,1082.7,75.4,2105,,GARHWA,
Jharkhand,Garhwa,IMD110-P2104,1942,31.8,88.5,39.0,9.4,2.1,101.8,484.1,350.4,348.5,0.6,0.0,0.2,1456.4,120.3,50.4,1284.9,0.8,2105,,GARHWA,
Jharkhand,Garhwa,IMD110-P2104,1943,108.1,15.5,0.0,20.5,32.6,54.9,469.2,603.9,272.6,73.4,0.0,0.0,1650.7,123.6,53.1,1400.6,73.4,2105,,GARHWA,
Jharkhand,Garhwa,IMD110-P2104,1944,23.1,72.6,128.4,8.0,5.0,96.2,440.4,462.5,169.6,84.3,6.3,0.0,1496.3,95.6,141.4,1168.7,90.6,2105,,GARHWA,
Jharkhand,Garhwa,IMD110-P2104,1945,60.4,40.9,0.0,28.1,2.9,193.3,260.8,231.3,288.7,130.2,0.0,1.8,1238.4,101.3,31.0,974.2,131.9,2105,,GARHWA,
Jharkhand,Garhwa,IMD110-P2104,1946,0.0,23.8,10.3,15.6,18.5,241.5,353.3,311.9,270.6,69.2,44.7,0.5,1359.9,23.8,44.4,1177.4,114.3,2105,,GARHWA,
Jharkhand,Garhwa,IMD110-P2104,1947,20.2,19.5,25.5,0.8,0.0,63.2,288.3,295.2,309.5,43.1,0.0,0.0,1065.3,39.7,26.3,956.2,43.1,2105,,GARHWA,
Jharkhand,Garhwa,IMD110-P2104,1948,65.3,40.3,9.6,16.3,19.5,168.8,388.4,366.3,337.5,127.6,112.4,2.5,1654.3,105.6,45.3,1260.9,242.5,2105,,GARHWA,
Jharkhand,Garhwa,IMD110-P2104,1949,37.6,33.1,16.4,2.5,9.8,92.4,363.5,451.9,180.1,63.7,0.0,0.0,1251.0,70.7,28.7,1087.9,63.7,2105,,GARHWA,
Jharkhand,Garhwa,IMD110-P2104,1950,6.5,28.5,40.2,0.0,1.0,166.5,391.1,600.0,120.2,0.2,0.0,9.9,1364.0,34.9,41.2,1277.8,10.1,2105,,GARHWA,
Jharkhand,Garhwa,IMD110-P2104,1951,18.3,5.2,39.8,23.9,2.1,114.0,165.3,297.6,205.0,20.1,0.0,0.0,891.2,23.5,65.7,781.9,20.1,2105,,GARHWA,
Jharkhand,Garhwa,IMD110-P2104,1952,4.9,20.3,26.4,2.4,5.8,314.5,209.0,313.2,288.3,59.3,0.0,5.5,1249.4,25.1,34.6,1124.9,64.8,2105,,GARHWA,
Jharkhand,Garhwa,IMD110-P2104,1953,14.4,2.4,0.0,6.8,2.5,95.3,449.0,427.9,260.6,1.9,0.0,0.0,1260.8,16.8,9.3,1232.8,1.9,2105,,GARHWA,
Jharkhand,Garhwa,IMD110-P2104,1954,10.5,14.3,0.0,0.5,1.6,53.1,244.9,188.8,264.9,3.8,0.0,0.9,783.3,24.9,2.1,751.6,4.7,2105,,GARHWA,
Jharkhand,Garhwa,IMD110-P2104,1955,80.7,12.2,5.4,0.0,6.8,87.3,215.1,263.6,158.4,50.2,0.0,0.0,879.6,92.9,12.1,724.4,50.2,2105,,GARHWA,
Jharkhand,Garhwa,IMD110-P2104,1956,16.6,12.0,7.3,0.0,17.5,266.2,259.2,336.5,402.8,103.0,11.1,19.1,1451.2,28.6,24.8,1264.7,133.2,2105,,GARHWA,
Jharkhand,Garhwa,IMD110-P2104,1957,32.5,7.6,19.4,1.8,4.2,34.9,404.4,308.8,215.5,0.3,0.0,0.0,1029.3,40.1,25.3,963.6,0.3,2105,,GARHWA,
Jharkhand,Garhwa,IMD110-P2104,1958,9.9,22.3,21.0,15.0,2.3,64.7,415.6,302.3,221.1,151.3,0.0,0.0,1225.5,32.2,38.3,1003.7,151.3,2105,,GARHWA,
Jharkhand,Garhwa,IMD110-P2104,1959,60.5,10.1,0.0,0.8,13.9,129.8,261.0,301.4,243.0,133.6,0.0,0.0,1153.9,70.6,14.6,935.1,133.6,2105,,GARHWA,
Jharkhand,Garhwa,IMD110-P2104,1960,3.4,0.0,21.5,2.2,0.0,79.6,378.5,402.0,196.5,29.7,0.0,0.0,1113.4,3.4,23.7,1056.6,29.7,2105,,GARHWA,
Jharkhand,Garhwa,IMD110-P2104,1961,8.0,102.6,0.0,18.7,11.5,229.1,364.5,457.6,285.0,136.6,4.7,21.2,1639.3,110.6,30.2,1336.1,162.4,2105,,GARHWA,
Jharkhand,Garhwa,IMD110-P2104,1962,7.5,15.2,4.1,8.1,2.4,115.8,269.9,363.6,277.8,17.4,0.0,3.5,1085.3,22.6,14.6,1027.1,20.9,2105,,GARHWA,
Jharkhand,Garhwa,IMD110-P2104,1963,3.5,5.8,15.2,2.7,66.2,83.0,304.6,266.8,193.6,125.0,5.6,1.0,1073.0,9.3,84.1,848.0,131.6,2105,,GARHWA,
Jharkhand,Garhwa,IMD110-P2104,1964,3.7,21.5,0.0,17.1,7.0,239.0,100.4,162.5,182.4,50.2,23.8,0.0,807.6,25.1,24.1,684.4,74.0,2105,,GARHWA,
Jharkhand,Garhwa,IMD110-P2104,1965,0.0,2.8,14.7,12.3,0.0,63.3,283.4,197.2,288.1,36.1,4.3,3.1,905.0,2.8,27.0,831.9,43.4,2105,,GARHWA,
Jharkhand,Garhwa,IMD110-P2104,1966,9.4,1.8,0.0,0.0,0.0,107.0,111.5,273.9,11.5,1.3,0.0,1.4,517.7,11.2,0.0,503.8,2.6,2105,,GARHWA,
Jharkhand,Garhwa,IMD110-P2104,1967,0.0,0.0,61.6,4.0,9.7,85.0,306.9,346.7,181.8,0.0,0.0,0.0,995.7,0.0,75.3,920.4,0.0,2105,,GARHWA,
Jharkhand,Garhwa,IMD110-P2104,1968,56.6,6.0,0.0,0.1,0.7,78.4,232.7,415.4,209.1,43.1,0.0,23.0,1065.2,62.6,0.8,935.7,66.1,2105,,GARHWA,
Jharkhand,Garhwa,IMD110-P2104,1969,14.0,4.5,0.0,16.3,37.7,74.6,312.2,229.0,172.9,11.5,15.5,0.0,888.0,18.5,54.0,788.6,27.0,2106,,GARHWA,
Jharkhand,Garhwa,IMD110-P2104,1970,67.9,21.1,22.6,0.0,17.3,131.5,228.0,274.8,454.2,38.1,0.0,0.0,1255.5,89.0,39.9,1088.4,38.1,2106,,GARHWA,
Jharkhand,Garhwa,IMD110-P2104,1975,11.3,4.5,26.3,5.3,1.6,125.6,487.5,296.7,112.8,108.9,0.0,0.0,1180.4,15.8,33.2,1022.6,108.9,2106,,GARHWA,
Jharkhand,Garhwa,IMD110-P2104,1976,0.0,14.3,0.0,24.9,6.4,47.8,319.6,221.7,449.6,0.0,0.0,0.0,1084.2,14.3,31.3,1038.6,0.0,2106,,GARHWA,
Jharkhand,Garhwa,IMD110-P2104,1989,0.8,0.0,0.0,0.0,11.2,144.2,241.1,246.8,190.4,25.0,10.3,14.1,883.8,0.8,11.2,822.5,49.3,2106,,GARHWA,
Jharkhand,Garhwa,IMD110-P2104,1990,0.0,125.5,29.4,2.6,65.6,212.0,471.4,189.1,105.8,20.6,0.0,0.0,1221.9,125.5,97.6,978.2,20.6,2106,,GARHWA,
Jharkhand,Garhwa,IMD110-P2104,1991,0.0,7.4,7.5,2.3,3.5,124.6,290.8,417.6,190.8,1.6,0.0,0.0,1045.9,7.4,13.3,1023.7,1.6,2106,,GARHWA,
Jharkhand,Garhwa,IMD110-P2104,1992,0.0,0.0,0.0,3.7,26.6,32.4,220.2,266.2,112.1,10.5,0.0,0.0,671.8,0.0,30.3,631.0,10.5,2106,,GARHWA,
Jharkhand,Garhwa,IMD110-P2104,1993,0.0,4.0,4.0,0.3,45.6,163.9,247.0,181.5,401.2,19.2,8.1,0.0,1074.7,4.0,49.9,993.6,27.3,2106,,GARHWA,
Jharkhand,Garhwa,IMD110-P2104,1994,15.6,12.0,0.0,7.6,1.5,448.1,394.9,463.7,179.8,112.5,0.0,0.0,1635.8,27.6,9.1,1486.6,112.5,2106,,GARHWA,
Jharkhand,Garhwa,IMD110-P2104,1995,24.0,9.7,24.9,0.0,2.7,120.5,242.6,350.9,379.3,19.7,101.3,40.9,1316.4,33.7,27.5,1093.3,161.8,2106,,GARHWA,
Jharkhand,Garhwa,IMD110-P2104,1996,20.0,12.1,3.5,0.0,8.9,154.5,321.2,317.7,122.8,7.4,0.0,0.0,968.2,32.2,12.4,916.2,7.4,2106,,GARHWA,
Jharkhand,Garhwa,IMD110-P2104,1997,2.6,0.0,0.0,2.6,1.1,187.5,336.6,528.7,100.7,30.4,26.5,36.0,1252.7,2.6,3.7,1153.4,93.0,2106,,GARHWA,
Jharkhand,Garhwa,IMD110-P2104,1998,62.4,27.3,42.8,35.7,62.2,163.3,304.1,262.5,205.3,95.6,0.0,0.0,1261.2,89.7,140.7,935.2,95.6,2106,,GARHWA,
Jharkhand,Garhwa,IMD110-P2104,1999,0.0,0.0,0.0,0.0,0.0,85.9,457.3,430.5,140.9,74.9,1.3,0.0,1190.8,0.0,0.0,1114.6,76.2,2106,,GARHWA,
Jharkhand,Garhwa,IMD110-P2104,2000,0.0,0.0,0.0,0.0,4.9,135.2,281.7,136.8,369.7,4.2,0.0,0.0,932.6,0.0,4.9,923.5,4.2,2106,,GARHWA,
Jharkhand,Garhwa,IMD110-P2104,2001,6.0,0.0,38.5,4.2,26.8,341.3,558.6,223.7,131.7,18.4,0.0,0.0,1349.2,6.0,69.5,1255.3,18.4,2106,,GARHWA,
Jharkhand,Garhwa,IMD110-P2104,2002,1.2,5.0,5.8,0.0,7.6,97.0,134.1,387.6,206.9,21.7,,,,6.2,13.4,825.6,,2106,missing_months,GARHWA,
Jharkhand,Garhwa,IMD110-P2104,2003,1.6,63.9,22.5,10.7,0.0,81.9,210.6,462.4,403.1,103.4,0.0,0.0,1360.2,65.5,33.2,1158.1,103.4,2106,,GARHWA,
Jharkhand,Garhwa,IMD110-P2104,2004,0.0,0.0,0.0,0.0,0.0,65.5,82.5,386.5,141.7,29.9,0.0,0.0,706.2,0.0,0.0,676.2,29.9,2106,,GARHWA,
Jharkhand,Garhwa,IMD110-P2104,2005,39.9,30.0,22.8,0.0,13.5,148.2,177.4,360.4,110.5,5.5,0.0,0.0,908.3,69.9,36.3,796.6,5.5,2106,,GARHWA,
Jharkhand,Garhwa,IMD110-P2104,2006,0.0,0.0,24.8,8.6,26.9,89.4,401.2,387.8,215.0,15.2,0.0,0.0,1169.0,0.0,60.3,1093.5,15.2,2106,,GARHWA,
Jharkhand,Garhwa,IMD110-P2104,2007,0.0,65.3,9.9,0.0,0.0,64.7,259.0,214.0,271.6,11.9,0.0,0.0,896.4,65.3,9.9,809.4,11.9,2106,,GARHWA,
Jharkhand,Garhwa,IMD110-P2104,2008,25.9,0.0,3.4,3.5,11.2,242.0,219.9,187.8,37.3,2.9,0.5,0.0,734.4,25.9,18.1,687.1,3.4,2106,,GARHWA,
Jharkhand,Garhwa,IMD110-P2104,2009,10.5,0.0,0.0,0.0,0.4,34.2,287.8,113.2,189.4,,,,,10.5,0.4,624.6,,2106,missing_months,GARHWA,
Jharkhand,Garhwa,IMD110-P2104,2010,0.0,0.0,0.0,0.0,0.0,0.0,253.7,0.0,139.8,,,,,0.0,0.0,393.4,,2106,missing_months,GARHWA,
Jharkhand,Giridih,IMD110-P2107,1905,,37.6,131.6,31.7,51.8,31.7,391.9,330.9,238.0,10.2,0.0,5.3,,,215.1,992.5,15.5,2107,missing_months,GIRIDIH,
Jharkhand,Giridih,IMD110-P2107,1906,43.4,99.1,29.7,0.0,46.0,182.9,191.0,308.6,160.7,135.2,0.0,0.0,1196.6,142.5,75.7,843.2,135.2,2107,,GIRIDIH,
Jharkhand,Giridih,IMD110-P2107,1907,0.0,109.1,92.9,17.7,13.2,388.1,381.0,310.5,328.9,0.0,0.0,16.3,1657.7,109.1,123.8,1408.5,16.3,2107,,GIRIDIH,
Jharkhand,Giridih,IMD110-P2107,1908,6.6,49.9,4.3,0.0,52.8,242.2,338.5,323.1,175.7,0.0,0.0,0.0,1193.1,56.5,57.1,1079.5,0.0,2107,,GIRIDIH,
Jharkhand,Giridih,IMD110-P2107,1909,42.4,0.0,0.0,,,262.9,438.8,435.1,258.0,79.8,0.0,8.9,,42.4,,1394.8,88.7,2107,missing_months,GIRIDIH,
Jharkhand,Giridih,IMD110-P2107,1910,0.0,,,,85.6,,200.6,,,,,,,,,,,2107,missing_months,GIRIDIH,
Jharkhand,Giridih,IMD110-P2107,1911,0.5,0.0,0.0,0.0,0.0,367.4,,453.0,485.1,75.0,50.7,0.0,,0.5,0.0,,125.7,2107,missing_months,GIRIDIH,
Jharkhand,Giridih,IMD110-P2107,1912,0.0,5.8,14.6,9.1,52.9,101.7,222.8,362.1,65.9,14.6,61.5,0.0,910.9,5.8,76.7,752.4,76.1,2107,,GIRIDIH,
Jharkhand,Giridih,IMD110-P2107,1913,0.0,43.1,39.2,0.0,150.9,480.0,105.4,393.8,129.2,52.1,6.3,16.3,1416.2,43.1,190.0,1108.4,74.7,2107,,GIRIDIH,
Jharkhand,Giridih,IMD110-P2107,1914,,24.5,16.0,10.2,145.5,99.4,256.5,196.6,120.8,3.3,0.0,3.0,,,171.7,673.2,6.3,2107,missing_months,GIRIDIH,
Jharkhand,Giridih,IMD110-P2107,1915,0.9,,10.8,0.0,40.0,178.3,248.1,110.3,205.1,56.5,27.8,0.0,,,50.8,741.8,84.3,2107,missing_months,GIRIDIH,
Jharkhand,Giridih,IMD110-P2107,1916,0.0,23.6,0.0,0.0,12.2,171.1,192.7,243.7,192.9,213.0,2.5,0.0,1051.6,23.6,12.2,800.3,215.5,2107,,GIRIDIH,
Jharkhand,Giridih,IMD110-P2107,1917,1.3,33.8,15.3,8.9,127.6,220.7,384.3,386.6,222.6,328.3,0.0,0.0,1729.3,35.0,151.8,1214.2,328.3,2107,,GIRIDIH,
Jharkhand,Giridih,IMD110-P2107,1918,0.8,0.0,0.8,12.2,52.0,229.2,123.0,425.0,146.4,0.0,0.0,0.0,989.4,0.8,64.9,923.7,0.0,2107,,GIRIDIH,
Jharkhand,Giridih,IMD110-P2107,1919,124.3,9.8,17.0,22.2,78.5,404.8,228.1,244.3,280.0,87.8,0.0,0.0,1496.7,134.1,117.7,1157.1,87.8,2107,,GIRIDIH,
Jharkhand,Giridih,IMD110-P2107,1920,0.0,17.5,61.3,9.4,44.0,64.5,619.5,135.9,241.6,7.6,0.0,0.0,1201.3,17.5,114.6,1061.6,7.6,2107,,GIRIDIH,
Jharkhand,Giridih,IMD110-P2107,1921,40.2,4.4,0.0,21.8,15.5,218.8,297.0,440.2,217.6,5.1,0.0,0.0,1260.7,44.6,37.3,1173.7,5.1,2107,,GIRIDIH,
Jharkhand,Giridih,IMD110-P2107,1922,10.7,10.8,0.0,30.1,11.0,214.4,404.9,418.3,250.1,83.8,2.5,0.0,1436.7,21.5,41.2,1287.6,86.4,2107,,GIRIDIH,
Jharkhand,Giridih,IMD110-P2107,1923,0.0,44.5,5.5,2.4,22.4,201.4,265.1,432.9,95.4,25.5,4.8,0.0,1099.9,44.5,30.2,994.8,30.3,2107,,GIRIDIH,
Jharkhand,Giridih,IMD110-P2107,1924,9.2,7.6,0.0,16.5,3.6,166.4,560.1,279.5,346.2,79.2,81.8,0.0,1550.2,16.8,20.2,1352.2,161.0,2107,,GIRIDIH,
Jharkhand,Giridih,IMD110-P2107,1925,6.9,5.0,5.6,42.2,69.1,162.2,366.4,225.8,121.4,33.0,0.0,0.0,1037.6,11.9,116.9,875.8,33.0,2107,,GIRIDIH,
Jharkhand,Giridih,IMD110-P2107,1926,28.4,0.0,37.7,9.7,50.5,30.5,522.7,203.9,287.1,32.5,0.0,26.5,1229.5,28.4,97.9,1044.1,59.0,2107,,GIRIDIH,
Jharkhand,Giridih,IMD110-P2107,1927,37.6,119.6,28.6,0.9,52.4,71.4,385.9,144.8,132.5,46.4,7.4,0.0,1027.4,157.2,81.9,734.6,53.7,2107,,GIRIDIH,
Jharkhand,Giridih,IMD110-P2107,1928,75.8,4.1,0.8,19.7,24.1,473.2,362.1,140.8,67.6,214.3,0.0,0.0,1382.4,79.8,44.6,1043.7,214.3,2107,,GIRIDIH,
Jharkhand,Giridih,IMD110-P2107,1929,57.0,1.1,5.4,7.6,8.0,125.8,388.5,389.7,213.6,336.2,0.0,44.9,1577.8,58.1,21.0,1117.6,381.1,2107,,GIRIDIH,
Jharkhand,Giridih,IMD110-P2107,1930,0.0,8.6,9.5,13.9,30.9,161.0,373.4,230.3,174.1,38.9,57.3,17.4,1115.5,8.6,54.3,938.9,113.6,2107,,GIRIDIH,
Jharkhand,Giridih,IMD110-P2107,1931,3.4,77.9,11.5,5.5,41.5,67.4,350.3,191.2,202.4,150.9,58.9,0.0,1161.1,81.3,58.5,811.4,209.9,2107,,GIRIDIH,
Jharkhand,Giridih,IMD110-P2107,1932,0.0,27.4,0.0,6.8,37.0,64.6,262.2,190.1,181.4,61.9,29.2,1.0,861.5,27.4,43.7,698.3,92.1,2107,,GIRIDIH,
Jharkhand,Giridih,IMD110-P2107,1933,86.7,34.7,0.9,69.4,89.6,120.0,282.2,294.2,181.0,61.4,0.0,0.0,1220.1,121.4,159.9,877.4,61.4,2107,,GIRIDIH,
Jharkhand,Giridih,IMD110-P2107,1934,46.9,13.7,0.6,9.1,17.1,170.0,297.4,275.5,133.2,44.8,0.0,1.3,1009.6,60.6,26.8,876.1,46.1,2107,,GIRIDIH,
Jharkhand,Giridih,IMD110-P2107,1935,44.0,14.4,3.3,2.3,15.1,41.8,212.6,484.8,249.1,0.0,0.0,0.0,1067.3,58.4,20.7,988.3,0.0,2107,,GIRIDIH,
Jharkhand,Giridih,IMD110-P2107,1936,25.1,11.3,7.6,3.2,33.2,130.5,440.5,288.9,364.6,152.0,0.9,14.4,1472.3,36.4,44.0,1224.6,167.3,2107,,GIRIDIH,
Jharkhand,Giridih,IMD110-P2107,1937,0.0,104.7,1.0,6.4,44.4,84.1,188.3,236.3,226.3,106.3,0.0,0.0,997.9,104.7,51.8,735.1,106.3,2107,,GIRIDIH,
Jharkhand,Giridih,IMD110-P2107,1938,15.3,48.1,0.0,0.0,77.4,147.2,374.1,310.2,151.0,47.4,0.0,0.0,1170.8,63.4,77.4,982.5,47.4,2108,,GIRIDIH,
Jharkhand,Giridih,IMD110-P2107,1939,7.3,28.5,26.0,12.9,26.3,290.0,293.9,378.6,333.0,95.0,0.0,0.0,1491.3,35.8,65.1,1295.4,95.0,2108,,GIRIDIH,
Jharkhand,Giridih,IMD110-P2107,1940,0.0,32.9,72.8,8.7,34.6,57.9,230.5,420.6,84.7,16.5,0.0,25.4,984.6,32.9,116.1,793.6,41.9,2108,,GIRIDIH,
Jharkhand,Giridih,IMD110-P2107,1941,43.8,0.4,0.0,8.9,72.2,333.5,162.2,398.0,212.1,179.3,5.1,0.0,1415.4,44.3,81.1,1105.7,184.4,2108,,GIRIDIH,
Jharkhand,Giridih,IMD110-P2107,1942,2.7,55.6,18.8,29.8,13.9,109.6,321.5,382.9,248.5,12.8,6.8,0.0,1202.7,58.3,62.5,1062.4,19.5,2108,,GIRIDIH,
Jharkhand,Giridih,IMD110-P2107,1943,64.1,2.9,0.0,34.7,3.5,94.4,571.0,346.8,171.9,75.2,0.0,0.0,1364.5,67.0,38.3,1184.0,75.2,2108,,GIRIDIH,
Jharkhand,Giridih,IMD110-P2107,1944,9.5,46.4,18.2,32.8,18.4,124.3,305.8,315.5,105.5,148.3,4.0,0.0,1128.7,55.9,69.4,851.1,152.3,2108,,GIRIDIH,
Jharkhand,Giridih,IMD110-P2107,1945,23.7,44.5,0.0,41.3,28.5,85.4,283.6,225.4,217.0,109.9,0.0,0.0,1059.2,68.2,69.8,811.3,109.9,2108,,GIRIDIH,
Jharkhand,Giridih,IMD110-P2107,1946,0.0,44.6,41.3,58.3,71.5,241.6,191.2,155.3,100.5,127.8,21.8,0.0,1053.8,44.6,171.0,688.6,149.5,2108,,GIRIDIH,
Jharkhand,Giridih,IMD110-P2107,1947,0.0,9.1,34.3,0.0,26.8,79.5,288.9,275.5,235.6,61.7,0.0,0.0,1011.3,9.1,61.1,879.5,61.7,2108,,GIRIDIH,
Jharkhand,Giridih,IMD110-P2107,1948,25.9,10.1,21.3,6.6,10.8,92.0,327.8,217.3,159.2,85.3,82.6,0.0,1038.7,35.9,38.6,796.2,167.9,2108,,GIRIDIH,
Jharkhand,Giridih,IMD110-P2107,1949,80.6,8.7,16.8,63.9,134.3,167.4,394.5,267.7,182.2,67.0,0.0,0.0,1383.0,89.2,215.0,1011.8,67.0,2108,,GIRIDIH,
Jharkhand,Giridih,IMD110-P2107,1950,0.0,4.0,4.5,0.0,15.2,247.7,360.5,357.1,160.4,6.1,0.0,1.3,1156.7,4.0,19.7,1125.7,7.4,2108,,GIRIDIH,
Jharkhand,Giridih,IMD110-P2107,1951,3.2,0.0,9.2,9.2,9.1,111.5,227.1,104.0,150.5,0.0,1.7,0.0,625.5,3.2,27.5,593.1,1.7,2108,,GIRIDIH,
Jharkhand,Giridih,IMD110-P2107,1952,0.7,0.6,0.8,3.7,46.7,192.0,303.8,198.4,274.2,51.6,0.0,1.0,1073.4,1.3,51.1,968.3,52.7,2108,,GIRIDIH,
Jharkhand,Giridih,IMD110-P2107,1953,16.7,1.6,0.0,2.4,17.2,209.5,541.1,433.4,300.9,15.0,7.2,0.0,1545.1,18.3,19.6,1484.9,22.2,2108,,GIRIDIH,
Jharkhand,Giridih,IMD110-P2107,1954,11.3,5.2,4.0,0.9,67.9,215.5,238.5,318.0,277.5,54.4,0.0,7.1,1200.4,16.4,72.8,1049.6,61.5,2108,,GIRIDIH,
Jharkhand,Giridih,IMD110-P2107,1955,71.3,4.6,8.4,3.1,0.4,83.4,484.5,230.5,101.7,78.1,8.1,0.4,1074.4,75.8,11.9,900.1,86.5,2108,,GIRIDIH,
Jharkhand,Giridih,IMD110-P2107,1956,22.4,11.5,27.9,0.0,24.1,170.9,242.4,267.5,280.2,120.4,17.1,0.0,1184.5,33.9,52.0,961.2,137.5,2108,,GIRIDIH,
Jharkhand,Giridih,IMD110-P2107,1957,0.0,0.0,0.0,0.0,0.0,606.2,1137.7,402.4,634.8,24.6,0.0,0.0,2805.7,0.0,0.0,2781.1,24.6,2108,,GIRIDIH,
Jharkhand,Giridih,IMD110-P2107,1958,2.0,16.4,8.1,20.3,2.2,54.7,197.8,238.3,305.5,112.5,0.0,0.0,957.8,18.4,30.6,796.3,112.5,2108,,GIRIDIH,
Jharkhand,Giridih,IMD110-P2107,1959,65.1,18.5,0.7,19.9,36.5,180.1,278.1,173.5,226.3,372.6,0.0,0.0,1371.3,83.6,57.1,858.0,372.6,2108,,GIRIDIH,
Jharkhand,Giridih,IMD110-P2107,1960,0.3,0.0,28.9,0.0,16.5,69.2,223.5,325.5,389.5,94.9,5.5,0.0,1153.9,0.3,45.4,1007.7,100.4,2108,,GIRIDIH,
Jharkhand,Giridih,IMD110-P2107,1961,5.4,85.1,0.0,0.3,22.9,164.5,273.5,442.5,241.9,220.9,0.0,2.7,1459.7,90.5,23.3,1122.4,223.6,2108,,GIRIDIH,
Jharkhand,Giridih,IMD110-P2107,1962,5.0,8.1,2.5,49.5,17.2,166.0,172.0,297.1,188.6,82.6,0.7,1.4,990.6,13.1,69.2,823.7,84.6,2108,,GIRIDIH,
Jharkhand,Giridih,IMD110-P2107,1963,5.7,7.8,3.4,18.0,50.6,160.8,246.9,197.5,250.8,466.1,12.5,0.0,1420.2,13.5,72.1,856.0,478.6,2108,,GIRIDIH,
Jharkhand,Giridih,IMD110-P2107,1964,0.6,6.1,5.0,24.2,50.2,131.7,225.7,196.4,225.0,78.2,2.0,0.0,945.2,6.7,79.4,778.8,80.3,2108,,GIRIDIH,
Jharkhand,Giridih,IMD110-P2107,1965,0.0,2.3,17.1,22.2,7.6,115.4,291.2,212.1,242.4,21.7,0.0,0.5,932.3,2.3,46.8,861.1,22.1,2108,,GIRIDIH,
Jharkhand,Giridih,IMD110-P2107,1966,28.6,1.2,0.0,0.0,38.6,132.0,116.1,206.1,79.9,10.1,9.5,6.8,628.8,29.8,38.6,534.1,26.3,2108,,GIRIDIH,
Jharkhand,Giridih,IMD110-P2107,1967,0.2,1.1,39.7,24.1,24.1,66.4,230.4,464.6,245.1,34.1,1.2,1.8,1132.9,1.3,87.9,1006.6,37.0,2108,,GIRIDIH,
Jharkhand,Giridih,IMD110-P2107,1968,25.0,0.6,8.2,1.4,19.1,382.5,409.7,360.9,96.1,73.7,0.0,1.4,1378.7,25.6,28.7,1249.2,75.2,2108,,GIRIDIH,
Jharkhand,Giridih,IMD110-P2107,1969,2.0,3.1,4.3,37.3,72.1,129.1,275.2,343.1,225.0,10.3,27.6,0.0,1129.2,5.2,113.7,972.4,38.0,2108,,GIRIDIH,
Jharkhand,Giridih,IMD110-P2107,1970,13.8,9.9,8.0,3.0,29.9,163.9,198.8,174.0,315.4,94.9,0.3,0.1,1012.1,23.8,41.0,852.1,95.2,2108,,GIRIDIH,
Jharkhand,Giridih,IMD110-P2107,1971,30.9,14.5,3.2,80.7,75.5,297.7,607.8,479.2,226.7,78.1,6.4,0.0,1900.7,45.4,159.4,1611.4,84.5,2108,,GIRIDIH,
Jharkhand,Giridih,IMD110-P2107,1972,13.5,33.7,0.2,6.9,1.7,67.3,231.8,294.9,157.2,62.0,4.5,2.7,876.3,47.2,8.7,751.3,69.1,2109,,GIRIDIH,
Jharkhand,Giridih,IMD110-P2107,1973,9.1,14.8,15.4,0.8,58.2,160.7,221.7,308.9,271.2,214.6,13.8,0.0,1289.2,23.9,74.4,962.5,228.4,2109,,GIRIDIH,
Jharkhand,Giridih,IMD110-P2107,1974,1.5,0.2,14.6,0.0,55.6,54.8,414.3,265.3,209.0,68.3,0.0,1.7,1085.3,1.7,70.2,943.5,69.9,2109,,GIRIDIH,
Jharkhand,Giridih,IMD110-P2107,1975,6.9,11.4,17.4,5.9,21.9,156.6,569.3,230.0,265.5,131.7,0.0,0.0,1416.6,18.3,45.2,1221.4,131.7,2109,,GIRIDIH,
Jharkhand,Giridih,IMD110-P2107,1976,0.0,19.8,0.2,14.1,68.4,104.5,213.1,213.8,279.7,8.9,1.9,0.0,924.4,19.8,82.7,811.2,10.8,2109,,GIRIDIH,
Jharkhand,Giridih,IMD110-P2107,1977,7.9,5.0,0.0,30.7,71.5,195.2,384.3,192.3,164.1,67.7,3.0,9.2,1130.8,12.9,102.2,935.8,79.9,2109,,GIRIDIH,
Jharkhand,Giridih,IMD110-P2107,1978,2.0,25.0,15.8,11.3,11.9,226.7,189.0,221.9,297.7,154.4,3.6,6.6,1165.8,27.0,39.0,935.2,164.6,2109,,GIRIDIH,
Jharkhand,Giridih,IMD110-P2107,1979,18.7,18.3,3.8,9.3,9.5,149.4,336.8,141.8,120.7,53.7,7.3,13.0,882.3,37.0,22.6,748.7,74.0,2109,,GIRIDIH,
Jharkhand,Giridih,IMD110-P2107,1980,10.5,16.0,18.7,3.7,29.5,370.9,335.2,415.4,315.7,61.9,0.0,1.3,1578.8,26.5,51.9,1437.2,63.2,2109,,GIRIDIH,
Jharkhand,Giridih,IMD110-P2107,1981,35.7,16.3,24.8,34.1,57.6,147.7,425.5,224.5,123.7,0.0,9.6,24.8,1124.1,52.0,116.5,921.3,34.4,2109,,GIRIDIH,
Jharkhand,Giridih,IMD110-P2107,1982,12.6,9.7,98.2,38.4,10.8,206.1,240.1,242.6,100.7,75.1,23.0,1.6,1059.0,22.3,147.5,789.5,99.7,2109,,GIRIDIH,
Jharkhand,Giridih,IMD110-P2107,1983,4.4,8.8,5.0,41.7,89.4,109.7,298.6,234.2,314.7,154.9,0.0,11.3,1272.8,13.2,136.1,957.3,166.2,2109,,GIRIDIH,
Jharkhand,Giridih,IMD110-P2107,1984,31.5,27.8,0.3,10.6,31.1,573.2,348.6,373.7,167.0,41.0,0.0,0.0,1604.8,59.3,42.0,1462.5,41.0,2109,,GIRIDIH,
Jharkhand,Giridih,IMD110-P2107,1985,2.2,2.5,0.8,5.2,66.1,112.4,480.4,250.2,194.0,119.7,0.0,0.1,1233.4,4.6,72.1,1036.9,119.8,2109,,GIRIDIH,
Jharkhand,Giridih,IMD110-P2107,1986,2.4,12.9,0.1,37.3,56.1,282.9,351.7,215.0,165.3,141.7,2.4,17.3,1285.0,15.3,93.5,1014.9,161.4,2109,,GIRIDIH,
Jharkhand,Giridih,IMD110-P2107,1987,0.6,2.2,3.2,39.2,44.9,208.5,457.7,362.1,340.2,15.9,19.4,2.7,1496.7,2.9,87.4,1368.5,38.0,2109,,GIRIDIH,
Jharkhand,Giridih,IMD110-P2107,1988,5.1,29.3,33.4,4.9,26.4,234.3,242.7,219.3,150.1,57.3,1.3,0.0,1004.0,34.4,64.6,846.5,58.5,2109,,GIRIDIH,
Jharkhand,Giridih,IMD110-P2107,1989,0.5,0.0,0.6,0.0,123.2,175.5,376.4,221.2,244.7,42.7,1.5,13.7,1200.2,0.5,123.9,1017.9,58.0,2109,,GIRIDIH,
Jharkhand,Giridih,IMD110-P2107,1990,5.2,54.3,7.0,18.9,65.4,156.1,475.9,306.4,251.3,143.1,0.8,0.0,1484.6,59.5,91.3,1189.8,143.9,2109,,GIRIDIH,
Jharkhand,Giridih,IMD110-P2107,1991,18.4,12.4,39.5,9.8,16.2,144.3,212.7,312.8,236.0,23.0,0.0,0.0,1025.2,30.8,65.4,905.9,23.0,2109,,GIRIDIH,
Jharkhand,Giridih,IMD110-P2107,1992,0.8,10.1,0.0,2.1,53.1,102.2,262.8,192.0,150.1,7.3,0.0,0.0,780.4,10.9,55.2,707.1,7.3,2109,,GIRIDIH,
Jharkhand,Giridih,IMD110-P2107,1993,1.1,2.1,31.1,17.1,36.3,121.0,82.7,151.4,325.5,38.4,22.5,0.0,829.3,3.2,84.5,680.7,60.9,2109,,GIRIDIH,
Jharkhand,Giridih,IMD110-P2107,1994,19.4,45.3,0.0,20.1,24.5,303.7,308.5,205.7,118.0,129.4,2.4,0.0,1177.0,64.7,44.6,935.9,131.8,2109,,GIRIDIH,
Jharkhand,Giridih,IMD110-P2107,1995,2.4,3.5,1.6,0.0,20.4,161.3,366.2,234.1,514.2,46.7,115.0,15.1,1480.4,5.9,22.0,1275.7,176.8,2109,,GIRIDIH,
Jharkhand,Giridih,IMD110-P2107,1996,11.2,35.7,7.7,15.6,33.8,342.8,184.2,451.6,173.6,34.0,0.0,0.0,1290.3,46.8,57.2,1152.3,34.0,2109,,GIRIDIH,
Jharkhand,Giridih,IMD110-P2107,1997,10.6,3.1,2.3,41.0,48.1,231.6,480.9,373.3,260.9,60.2,56.0,26.7,1594.6,13.7,91.3,1346.7,142.8,2109,,GIRIDIH,
Jharkhand,Giridih,IMD110-P2107,1998,24.3,22.1,59.7,32.5,47.4,94.7,436.0,323.6,340.1,156.3,20.1,0.0,1556.8,46.4,139.6,1194.5,176.4,2109,,GIRIDIH,
Jharkhand,Giridih,IMD110-P2107,1999,0.0,0.0,0.0,0.0,117.3,304.8,458.5,369.6,339.0,154.9,7.9,0.0,1752.1,0.0,117.3,1472.0,162.8,2109,,GIRIDIH,
Jharkhand,Giridih,IMD110-P2107,2000,3.5,42.4,13.8,53.9,81.9,183.9,221.0,137.2,410.5,8.1,0.1,0.0,1156.3,45.9,149.7,952.5,8.1,2109,,GIRIDIH,
Jharkhand,Giridih,IMD110-P2107,2001,0.3,0.0,8.1,12.2,83.3,328.5,200.2,236.0,167.5,148.2,0.0,0.0,1184.3,0.3,103.6,932.2,148.2,2109,,GIRIDIH,
Jharkhand,Giridih,IMD110-P2107,2002,1.5,7.7,6.0,4.2,74.8,195.5,249.4,219.0,323.6,46.2,0.1,0.0,1128.0,9.3,85.0,987.4,46.3,2109,,GIRIDIH,
Jharkhand,Giridih,IMD110-P2107,2003,0.0,40.0,25.6,18.4,11.2,171.3,316.8,215.0,184.0,192.3,0.0,3.1,1177.6,40.0,55.1,887.1,195.4,2109,,GIRIDIH,
Jharkhand,Giridih,IMD110-P2107,2004,1.7,0.0,0.0,22.4,25.6,207.7,193.9,,232.6,95.5,0.0,0.0,,1.7,48.0,,95.5,2109,missing_months,GIRIDIH,
Jharkhand,Giridih,IMD110-P2107,2005,20.4,15.8,21.3,10.9,21.5,68.4,285.0,102.3,112.4,42.8,0.0,0.0,700.6,36.1,53.6,568.1,42.8,2109,,GIRIDIH,
Jharkhand,Giridih,IMD110-P2107,2006,0.0,0.0,44.9,5.8,175.8,149.8,568.8,338.0,393.0,48.6,1.8,0.0,1726.5,0.0,226.5,1449.6,50.4,2110,,GIRIDIH,
Jharkhand,Giridih,IMD110-P2107,2007,5.7,46.6,16.0,11.7,108.7,89.0,560.8,371.3,398.0,63.8,0.0,0.0,1671.6,52.3,136.4,1419.1,63.8,2110,,GIRIDIH,
Jharkhand,Giridih,IMD110-P2107,2008,30.4,1.8,1.0,0.5,42.6,311.3,564.6,402.7,172.2,10.4,0.0,0.0,1537.4,32.2,44.0,1450.8,10.4,2110,,GIRIDIH,
Jharkhand,Giridih,IMD110-P2107,2009,0.0,0.0,0.4,0.0,92.6,71.4,147.8,234.4,302.0,91.5,0.0,0.0,940.1,0.0,93.0,755.6,91.5,2110,,GIRIDIH,
Jharkhand,Giridih,IMD110-P2107,2010,0.1,2.5,0.0,1.8,39.3,125.4,176.9,146.9,128.8,57.3,0.3,8.5,687.7,2.6,41.1,578.0,66.0,2110,,GIRIDIH,
Jharkhand,Godda,IMD110-P2111,1901,38.4,31.6,0.6,0.0,,158.8,239.6,344.8,98.6,10.8,,0.0,,70.0,,841.7,,2111,missing_months,GODDA,
Jharkhand,Godda,IMD110-P2111,1902,0.0,0.0,2.6,65.0,97.0,172.2,340.0,135.7,317.2,12.6,0.3,0.0,1142.4,0.0,164.5,965.1,12.8,2111,,GODDA,
Jharkhand,Godda,IMD110-P2111,1903,7.3,26.6,3.1,3.2,15.1,127.8,87.6,251.5,114.0,161.9,0.0,0.0,798.2,33.9,21.5,580.9,161.9,2111,,GODDA,
Jharkhand,Godda,IMD110-P2111,1904,15.6,5.1,1.4,11.0,212.1,207.4,352.5,264.8,185.0,57.0,14.9,0.0,1326.7,20.7,224.6,1009.6,71.9,2111,,GODDA,
Jharkhand,Godda,IMD110-P2111,1905,18.5,67.3,57.2,17.7,73.1,37.9,413.4,400.8,287.3,11.0,0.0,2.1,1386.3,85.8,148.1,1139.3,13.2,2111,,GODDA,
Jharkhand,Godda,IMD110-P2111,1906,9.2,51.1,22.0,7.1,50.4,180.6,246.2,260.3,57.3,94.1,0.7,0.0,979.0,60.3,79.6,744.4,94.7,2111,,GODDA,
Jharkhand,Godda,IMD110-P2111,1907,0.0,33.3,23.4,19.9,177.4,297.5,239.1,64.9,241.2,6.8,0.0,9.6,1113.0,33.3,220.7,842.6,16.4,2111,,GODDA,
Jharkhand,Godda,IMD110-P2111,1908,2.7,37.8,5.1,1.5,65.4,182.0,192.6,147.2,193.3,23.7,0.0,0.0,851.4,40.4,72.1,715.2,23.7,2111,,GODDA,
Jharkhand,Godda,IMD110-P2111,1909,17.8,9.1,0.0,58.2,46.0,398.7,225.2,379.7,148.0,11.1,0.0,2.0,1295.9,26.9,104.1,1151.6,13.2,2111,,GODDA,
Jharkhand,Godda,IMD110-P2111,1910,0.0,34.3,1.9,0.0,34.6,186.4,257.9,312.6,224.8,99.4,22.9,0.0,1174.8,34.3,36.5,981.7,122.3,2111,,GODDA,
Jharkhand,Godda,IMD110-P2111,1911,1.6,0.0,33.7,22.9,33.0,481.5,205.9,363.6,246.2,131.4,0.0,0.0,1519.9,1.6,89.6,1297.3,131.4,2111,,GODDA,
Jharkhand,Godda,IMD110-P2111,1912,3.2,0.0,19.8,30.4,93.9,156.9,287.5,246.1,132.3,8.4,80.7,0.0,1059.0,3.2,144.1,822.8,89.0,2111,,GODDA,
Jharkhand,Godda,IMD110-P2111,1913,0.0,41.5,18.7,0.0,118.6,307.2,239.3,176.3,264.5,87.8,1.8,35.1,1290.8,41.5,137.3,987.4,124.6,2111,,GODDA,
Jharkhand,Godda,IMD110-P2111,1914,0.0,17.9,1.9,26.7,134.1,112.4,307.8,308.4,87.3,13.9,0.0,1.3,1011.7,17.9,162.7,815.9,15.1,2111,,GODDA,
Jharkhand,Godda,IMD110-P2111,1915,8.4,30.5,30.6,6.6,99.3,158.1,212.9,252.1,101.3,39.8,14.3,0.6,954.6,38.9,136.5,724.4,54.7,2111,,GODDA,
Jharkhand,Godda,IMD110-P2111,1916,0.0,5.3,0.0,26.6,0.0,338.1,219.9,213.1,258.5,193.4,3.1,0.0,1258.0,5.3,26.6,1029.6,196.5,2111,,GODDA,
Jharkhand,Godda,IMD110-P2111,1917,0.5,15.1,11.5,10.4,105.3,184.2,203.1,144.4,164.8,186.6,2.5,0.0,1028.4,15.6,127.2,696.5,189.1,2111,,GODDA,
Jharkhand,Godda,IMD110-P2111,1918,0.9,0.0,0.5,25.8,120.3,246.5,148.2,374.2,142.8,0.1,0.0,0.0,1059.3,0.9,146.6,911.7,0.1,2111,,GODDA,
Jharkhand,Godda,IMD110-P2111,1919,54.5,23.0,11.9,0.8,47.1,265.3,420.2,226.4,294.3,43.1,0.6,0.0,1387.2,77.5,59.8,1206.2,43.7,2111,,GODDA,
Jharkhand,Godda,IMD110-P2111,1920,0.0,16.2,44.3,0.0,21.0,120.1,319.0,281.0,380.9,9.3,0.0,0.0,1191.9,16.2,65.4,1101.0,9.3,2111,,GODDA,
Jharkhand,Godda,IMD110-P2111,1921,47.1,0.0,0.0,30.9,37.6,153.7,180.4,612.5,138.2,23.6,0.0,0.0,1224.2,47.1,68.6,1084.9,23.6,2111,,GODDA,
Jharkhand,Godda,IMD110-P2111,1922,2.0,1.5,0.0,13.9,13.2,473.5,254.8,291.9,202.7,94.0,0.8,1.5,1349.9,3.5,27.1,1222.9,96.4,2111,,GODDA,
Jharkhand,Godda,IMD110-P2111,1923,0.0,49.9,11.0,12.0,37.4,130.8,212.8,174.4,68.7,41.7,2.6,0.2,741.6,49.9,60.4,586.7,44.5,2111,,GODDA,
Jharkhand,Godda,IMD110-P2111,1924,1.8,3.3,0.0,27.8,73.1,216.2,304.7,203.9,409.6,87.7,64.8,0.0,1392.9,5.1,100.9,1134.5,152.5,2111,,GODDA,
Jharkhand,Godda,IMD110-P2111,1925,3.7,3.7,15.6,86.2,91.3,105.6,217.0,193.8,278.8,40.5,0.0,0.0,1036.3,7.4,193.2,795.2,40.5,2111,,GODDA,
Jharkhand,Godda,IMD110-P2111,1926,57.7,0.0,41.7,28.8,52.5,68.2,242.3,207.9,250.6,10.8,1.1,27.7,989.3,57.7,123.0,769.0,39.6,2111,,GODDA,
Jharkhand,Godda,IMD110-P2111,1927,23.2,82.2,30.3,15.6,44.3,184.2,165.9,138.2,90.4,2.4,1.1,0.0,777.8,105.4,90.2,578.7,3.5,2111,,GODDA,
Jharkhand,Godda,IMD110-P2111,1928,75.6,9.2,0.0,12.1,59.4,350.8,298.8,283.2,75.6,201.2,0.0,3.0,1369.0,84.9,71.6,1008.4,204.2,2111,,GODDA,
Jharkhand,Godda,IMD110-P2111,1929,53.6,1.4,37.0,19.7,70.4,179.7,265.4,204.2,141.5,481.8,0.0,9.6,1464.4,55.0,127.1,790.8,491.4,2111,,GODDA,
Jharkhand,Godda,IMD110-P2111,1930,4.8,5.5,13.3,4.9,49.2,109.4,420.2,133.3,103.6,67.6,67.4,3.1,982.4,10.3,67.4,766.5,138.2,2111,,GODDA,
Jharkhand,Godda,IMD110-P2111,1931,0.9,33.9,49.3,0.0,30.4,86.0,260.0,159.2,200.2,82.4,29.6,0.8,932.7,34.8,79.6,705.3,112.9,2111,,GODDA,
Jharkhand,Godda,IMD110-P2111,1932,0.0,4.5,0.0,19.9,28.9,100.5,204.6,166.0,181.5,91.6,29.7,0.3,827.4,4.5,48.8,652.5,121.6,2111,,GODDA,
Jharkhand,Godda,IMD110-P2111,1933,45.9,3.9,4.9,40.8,110.9,138.6,182.9,345.5,113.8,33.6,0.0,0.0,1020.8,49.8,156.6,780.7,33.6,2111,,GODDA,
Jharkhand,Godda,IMD110-P2111,1934,14.6,20.4,0.0,3.1,36.6,151.0,222.1,180.6,191.7,45.4,0.1,11.1,876.6,35.0,39.7,745.4,56.6,2112,,GODDA,
Jharkhand,Godda,IMD110-P2111,1935,15.6,15.3,5.3,0.0,23.1,88.1,115.9,480.6,182.8,3.6,0.0,0.0,930.5,30.9,28.5,867.4,3.6,2112,,GODDA,
Jharkhand,Godda,IMD110-P2111,1936,8.8,0.3,21.2,9.6,93.6,139.6,285.9,135.1,332.5,104.3,0.0,6.3,1137.2,9.0,124.5,893.1,110.6,2112,,GODDA,
Jharkhand,Godda,IMD110-P2111,1937,0.0,82.3,0.0,0.7,155.1,125.9,124.3,284.4,168.0,144.2,0.0,0.0,1084.9,82.3,155.8,702.6,144.2,2112,,GODDA,
Jharkhand,Godda,IMD110-P2111,1938,0.4,14.3,0.0,0.0,221.4,373.8,257.3,319.6,182.8,25.9,2.1,0.0,1397.6,14.7,221.4,1133.4,28.0,2112,,GODDA,
Jharkhand,Godda,IMD110-P2111,1939,0.0,31.3,21.7,3.8,24.7,150.9,419.6,286.9,327.7,173.2,0.0,0.0,1439.9,31.3,50.3,1185.1,173.2,2112,,GODDA,
Jharkhand,Godda,IMD110-P2111,1940,0.0,33.4,90.6,28.7,11.8,85.5,206.5,234.2,77.2,2.7,0.0,5.0,775.6,33.4,131.1,603.4,7.7,2112,,GODDA,
Jharkhand,Godda,IMD110-P2111,1941,14.5,0.0,0.9,0.3,56.8,175.8,249.0,327.3,281.9,234.5,0.4,0.0,1341.3,14.5,58.0,1033.9,234.9,2112,,GODDA,
Jharkhand,Godda,IMD110-P2111,1942,1.9,47.8,15.1,25.4,26.0,132.7,163.5,283.0,193.5,18.7,9.4,0.0,917.0,49.7,66.5,772.7,28.1,2112,,GODDA,
Jharkhand,Godda,IMD110-P2111,1943,19.7,4.7,0.0,74.6,32.1,115.9,364.8,98.0,165.8,43.0,0.0,0.0,918.7,24.4,106.7,744.6,43.0,2112,,GODDA,
Jharkhand,Godda,IMD110-P2111,1944,15.9,25.3,42.5,50.0,23.8,211.5,287.5,207.5,135.5,12.6,0.0,0.0,1012.0,41.2,116.3,842.0,12.6,2112,,GODDA,
Jharkhand,Godda,IMD110-P2111,1945,17.4,35.7,0.8,44.3,31.7,123.6,305.7,317.7,255.6,113.7,0.0,0.3,1246.5,53.2,76.8,1002.6,113.9,2112,,GODDA,
Jharkhand,Godda,IMD110-P2111,1946,0.0,1.0,0.5,35.2,140.5,114.9,262.1,202.8,190.6,193.4,15.4,0.0,1156.4,1.0,176.2,770.4,208.8,2112,,GODDA,
Jharkhand,Godda,IMD110-P2111,1947,0.0,3.2,14.1,4.8,22.4,109.0,240.0,349.7,195.6,66.4,0.0,0.6,1005.7,3.2,41.2,894.3,67.0,2112,,GODDA,
Jharkhand,Godda,IMD110-P2111,1948,3.0,4.5,7.6,2.7,36.6,113.4,256.4,207.5,105.2,45.8,75.0,0.0,857.7,7.5,46.9,682.5,120.8,2112,,GODDA,
Jharkhand,Godda,IMD110-P2111,1949,5.6,12.7,12.0,18.0,129.6,185.7,208.6,341.1,284.4,40.3,0.0,0.0,1238.0,18.3,159.6,1019.7,40.3,2112,,GODDA,
Jharkhand,Godda,IMD110-P2111,1950,0.1,22.1,12.0,0.0,66.7,410.7,224.1,246.8,84.7,27.4,0.0,0.0,1094.6,22.2,78.6,966.3,27.4,2112,,GODDA,
Jharkhand,Godda,IMD110-P2111,1951,5.1,0.0,0.0,3.5,53.5,157.4,355.1,155.3,122.8,33.2,2.6,0.0,888.7,5.1,57.0,790.8,35.8,2112,,GODDA,
Jharkhand,Godda,IMD110-P2111,1952,0.0,0.0,20.2,54.0,64.1,281.8,195.3,228.8,268.0,47.0,11.4,0.0,1170.6,0.0,138.3,973.9,58.5,2112,,GODDA,
Jharkhand,Godda,IMD110-P2111,1953,44.3,2.2,11.9,18.4,77.4,123.8,344.1,202.1,388.4,39.3,0.0,0.0,1252.2,46.5,107.8,1058.5,39.3,2112,,GODDA,
Jharkhand,Godda,IMD110-P2111,1954,15.8,9.3,0.0,0.0,21.9,284.9,434.8,302.3,141.5,37.4,0.0,2.5,1250.5,25.1,21.9,1163.5,40.0,2112,,GODDA,
Jharkhand,Godda,IMD110-P2111,1955,27.7,12.2,0.3,30.2,29.0,105.5,482.8,172.8,122.4,42.7,7.4,0.0,1033.0,39.9,59.5,883.5,50.1,2112,,GODDA,
Jharkhand,Godda,IMD110-P2111,1956,14.5,4.3,11.5,5.7,86.7,337.9,253.0,250.1,246.1,157.7,31.7,5.7,1405.1,18.8,104.0,1087.1,195.1,2112,,GODDA,
Jharkhand,Godda,IMD110-P2111,1957,107.0,8.7,16.1,0.0,0.0,141.5,269.2,228.3,207.1,21.7,0.0,0.0,999.7,115.7,16.1,846.2,21.7,2112,,GODDA,
Jharkhand,Godda,IMD110-P2111,1958,1.4,0.5,0.5,15.8,31.0,54.6,226.8,382.5,139.4,128.9,0.0,0.0,981.5,1.9,47.3,803.3,128.9,2112,,GODDA,
Jharkhand,Godda,IMD110-P2111,1959,57.4,0.0,8.6,29.9,75.3,229.8,247.8,245.3,197.6,301.8,0.0,0.0,1393.4,57.4,113.8,920.4,301.8,2112,,GODDA,
Jharkhand,Godda,IMD110-P2111,1960,0.0,0.0,24.1,0.0,126.5,0.0,329.0,280.7,360.5,4.9,0.0,0.0,1125.8,0.0,150.6,970.2,4.9,2112,,GODDA,
Jharkhand,Godda,IMD110-P2111,1961,45.0,54.5,0.0,2.0,36.3,167.0,168.4,317.2,220.7,108.9,0.0,5.0,1124.9,99.5,38.3,873.2,113.9,2112,,GODDA,
Jharkhand,Godda,IMD110-P2111,1962,2.1,5.7,2.7,28.3,12.7,157.8,274.5,331.8,216.8,90.9,0.0,0.0,1123.3,7.8,43.7,980.8,90.9,2112,,GODDA,
Jharkhand,Godda,IMD110-P2111,1963,1.0,0.0,5.7,27.0,132.3,473.3,241.9,138.0,212.8,243.8,11.0,0.0,1486.8,1.0,164.9,1066.0,254.8,2112,,GODDA,
Jharkhand,Godda,IMD110-P2111,1964,2.4,0.2,0.0,30.6,69.9,89.8,307.2,224.1,275.7,60.8,0.1,0.0,1060.9,2.6,100.5,896.9,60.9,2112,,GODDA,
Jharkhand,Godda,IMD110-P2111,1965,1.2,0.0,8.7,0.0,1.0,116.2,260.9,234.5,163.6,21.7,0.0,0.0,807.8,1.2,9.7,775.2,21.7,2112,,GODDA,
Jharkhand,Godda,IMD110-P2111,1966,20.3,0.0,0.0,0.0,36.4,139.0,263.9,321.4,133.4,35.7,17.0,0.6,967.7,20.3,36.4,857.7,53.3,2112,,GODDA,
Jharkhand,Godda,IMD110-P2111,1967,0.0,0.0,25.2,66.1,43.9,36.2,189.2,262.7,218.3,14.5,0.0,0.0,856.1,0.0,135.2,706.3,14.5,2112,,GODDA,
Jharkhand,Godda,IMD110-P2111,1968,16.6,1.0,1.7,3.5,24.5,445.3,400.5,433.8,94.5,206.0,0.0,1.1,1628.5,17.6,29.6,1374.2,207.1,2113,,GODDA,
Jharkhand,Godda,IMD110-P2111,1969,0.0,0.5,26.3,36.1,94.4,157.1,353.8,431.9,309.5,24.9,45.4,0.0,1479.9,0.5,156.7,1252.3,70.3,2113,,GODDA,
Jharkhand,Godda,IMD110-P2111,1970,32.5,3.0,1.0,15.4,54.0,210.3,495.9,336.9,318.1,38.9,3.2,0.0,1509.1,35.4,70.4,1361.3,42.1,2113,,GODDA,
Jharkhand,Godda,IMD110-P2111,1974,4.1,0.0,43.1,2.7,24.9,110.0,401.6,245.7,386.8,56.7,0.0,8.2,1283.7,4.1,70.7,1144.1,64.9,2113,,GODDA,
Jharkhand,Godda,IMD110-P2111,1975,5.7,12.5,3.7,3.3,27.8,129.2,344.1,162.8,250.0,61.1,0.0,0.0,1000.0,18.2,34.7,885.9,61.1,2113,,GODDA,
Jharkhand,Godda,IMD110-P2111,1976,0.0,14.1,0.0,3.4,101.1,159.3,169.3,294.1,264.1,23.3,4.3,0.0,1032.9,14.1,104.5,886.7,27.5,2113,,GODDA,
Jharkhand,Godda,IMD110-P2111,1977,2.9,5.9,0.0,25.9,51.1,222.5,363.4,191.3,140.9,111.0,0.0,3.9,1118.9,8.7,77.0,918.1,115.0,2113,,GODDA,
Jharkhand,Godda,IMD110-P2111,1978,1.2,16.8,4.0,35.5,44.9,180.8,166.8,212.1,180.4,157.1,1.8,0.8,1001.9,18.0,84.3,740.1,159.6,2113,,GODDA,
Jharkhand,Godda,IMD110-P2111,1979,29.3,17.7,0.4,69.4,10.4,59.3,273.0,186.6,160.5,64.3,1.3,35.3,907.7,47.0,80.3,679.4,101.0,2113,,GODDA,
Jharkhand,Godda,IMD110-P2111,1980,2.9,1.9,4.2,4.2,66.8,171.1,190.2,183.6,242.0,61.1,0.0,1.8,929.8,4.8,75.2,786.9,62.9,2113,,GODDA,
Jharkhand,Godda,IMD110-P2111,1981,40.5,9.9,11.0,84.6,103.0,62.2,304.4,116.0,108.3,0.0,0.6,28.4,868.9,50.4,198.7,590.9,29.0,2113,,GODDA,
Jharkhand,Godda,IMD110-P2111,1982,2.7,5.8,45.7,3.7,35.6,289.0,112.1,257.6,107.8,61.4,27.0,5.0,953.4,8.5,84.9,766.6,93.4,2113,,GODDA,
Jharkhand,Godda,IMD110-P2111,1983,5.9,0.1,10.7,24.2,63.4,95.5,315.1,140.8,240.5,106.0,0.0,18.6,1020.8,6.0,98.2,791.9,124.6,2113,,GODDA,
Jharkhand,Godda,IMD110-P2111,1984,45.0,33.3,1.9,1.4,23.6,560.2,320.6,237.1,174.8,38.3,0.0,0.3,1436.5,78.3,26.9,1292.7,38.6,2113,,GODDA,
Jharkhand,Godda,IMD110-P2111,1985,4.8,0.0,0.5,18.9,37.7,102.0,276.7,190.3,187.1,180.7,0.0,2.7,1001.5,4.8,57.1,756.2,183.4,2113,,GODDA,
Jharkhand,Godda,IMD110-P2111,1986,2.1,5.0,0.0,18.0,115.6,158.6,256.3,122.9,271.3,225.3,3.8,8.9,1187.9,7.2,133.6,809.0,238.0,2113,,GODDA,
Jharkhand,Godda,IMD110-P2111,1987,0.7,3.1,0.0,48.6,53.1,262.0,469.4,616.5,204.5,34.3,6.4,4.5,1703.1,3.7,101.7,1552.4,45.2,2113,,GODDA,
Jharkhand,Godda,IMD110-P2111,1988,4.4,22.8,36.6,46.9,31.4,190.5,282.1,372.2,148.0,118.1,9.8,1.3,1264.0,27.2,114.9,992.8,129.2,2113,,GODDA,
Jharkhand,Godda,IMD110-P2111,1989,6.5,5.7,0.0,0.0,102.0,147.7,364.7,149.7,366.5,61.7,0.0,14.0,1218.5,12.2,102.0,1028.6,75.7,2113,,GODDA,
Jharkhand,Godda,IMD110-P2111,1990,0.0,32.6,24.9,6.6,181.4,205.0,506.7,167.6,170.4,159.1,0.0,0.0,1454.2,32.6,212.9,1049.6,159.1,2113,,GODDA,
Jharkhand,Godda,IMD110-P2111,1991,4.8,4.0,7.2,12.1,57.5,194.3,224.9,212.4,373.7,19.4,0.0,62.7,1172.9,8.8,76.8,1005.3,82.1,2113,,GODDA,
Jharkhand,Godda,IMD110-P2111,1992,4.6,11.8,0.0,9.4,76.2,117.7,422.3,236.8,244.9,80.4,0.7,0.0,1204.8,16.4,85.7,1021.7,81.1,2113,,GODDA,
Jharkhand,Godda,IMD110-P2111,1993,21.7,0.9,24.3,26.8,48.0,179.3,302.5,393.3,256.1,54.5,24.2,0.0,1331.4,22.5,99.0,1131.2,78.6,2113,,GODDA,
Jharkhand,Godda,IMD110-P2111,1994,24.9,29.2,0.0,1.9,35.5,192.3,191.4,246.5,67.4,113.4,0.0,0.0,902.6,54.1,37.4,697.6,113.4,2113,,GODDA,
Jharkhand,Godda,IMD110-P2111,1995,1.3,12.6,0.0,0.0,18.4,195.4,345.9,330.4,603.1,17.2,74.6,12.8,1611.7,13.9,18.4,1474.8,104.6,2113,,GODDA,
Jharkhand,Godda,IMD110-P2111,1996,8.7,36.4,0.0,42.5,19.6,255.3,170.0,277.4,173.0,64.6,0.0,0.0,1047.5,45.1,62.0,875.8,64.6,2113,,GODDA,
Jharkhand,Godda,IMD110-P2111,1997,12.0,0.0,0.5,47.1,39.8,136.1,507.9,302.5,180.5,12.3,25.2,25.4,1289.3,12.0,87.4,1126.9,62.9,2113,,GODDA,
Jharkhand,Godda,IMD110-P2111,1998,4.7,14.0,53.5,19.6,44.6,103.2,370.4,312.6,330.3,101.7,20.5,0.0,1375.1,18.7,117.7,1116.5,122.3,2113,,GODDA,
Jharkhand,Godda,IMD110-P2111,1999,0.0,0.0,0.0,0.0,204.0,303.4,321.0,362.4,649.1,271.4,0.0,0.0,2111.3,0.0,204.0,1635.9,271.4,2113,,GODDA,
Jharkhand,Godda,IMD110-P2111,2000,0.0,12.8,2.3,25.3,55.0,180.9,,,,,,,,12.8,82.7,,,2113,missing_months,GODDA,
Jharkhand,Godda,IMD110-P2111,2001,0.9,0.0,0.0,0.0,95.7,303.8,214.1,186.1,168.1,327.9,0.0,0.0,1296.7,0.9,95.7,872.1,327.9,2113,,GODDA,
Jharkhand,Godda,IMD110-P2111,2002,1.4,0.0,3.2,12.1,54.7,86.8,161.2,393.1,306.5,87.0,5.0,0.0,1110.8,1.4,69.9,947.5,92.0,2113,,GODDA,
Jharkhand,Godda,IMD110-P2111,2003,0.0,22.0,8.1,16.2,9.6,80.7,168.8,145.4,306.5,287.2,0.0,0.0,1044.4,22.0,33.9,701.3,287.2,2113,,GODDA,
Jharkhand,Godda,IMD110-P2111,2004,2.7,0.0,2.8,37.8,38.5,272.2,280.7,193.8,177.5,218.4,0.0,0.0,1224.5,2.7,79.2,924.2,218.4,2113,,GODDA,
Jharkhand,Godda,IMD110-P2111,2005,7.5,5.8,14.6,2.5,,65.8,338.1,264.2,117.9,251.9,0.0,0.0,,13.3,,786.0,251.9,2114,missing_months,GODDA,
Jharkhand,Godda,IMD110-P2111,2007,0.0,30.1,13.8,23.6,128.9,208.0,522.8,160.8,348.6,42.1,0.0,0.0,1478.6,30.1,166.3,1240.2,42.1,2114,,GODDA,
Jharkhand,Godda,IMD110-P2111,2008,26.7,0.0,0.0,5.2,40.4,220.2,321.2,148.3,181.4,187.5,34.2,0.0,1165.2,26.7,45.6,871.1,221.7,2114,,GODDA,
Jharkhand,Godda,IMD110-P2111,2009,0.0,0.0,0.0,0.0,134.2,37.9,193.8,236.1,169.6,90.7,5.4,0.0,867.7,0.0,134.2,637.5,96.1,2114,,GODDA,
Jharkhand,Godda,IMD110-P2111,2010,0.0,1.6,7.2,1.8,68.5,152.2,215.7,133.2,101.6,23.5,8.8,5.3,719.4,1.6,77.5,602.7,37.6,2114,,GODDA,
Jharkhand,Gumla,IMD110-P2115,1901,135.8,87.3,23.3,21.2,31.8,90.8,329.7,586.2,264.1,112.5,0.0,0.0,1682.7,223.1,76.3,1270.8,112.5,2115,,GUMLA,
Jharkhand,Gumla,IMD110-P2115,1902,4.4,15.3,7.3,4.7,31.9,41.8,469.5,356.5,278.6,16.7,10.8,1.3,1238.6,19.7,43.8,1146.3,28.7,2115,,GUMLA,
Jharkhand,Gumla,IMD110-P2115,1903,62.7,30.4,3.2,27.0,73.9,119.1,303.5,312.3,194.4,283.3,0.0,0.0,1409.9,93.1,104.1,929.4,283.3,2115,,GUMLA,
Jharkhand,Gumla,IMD110-P2115,1904,0.0,10.5,49.5,11.4,118.0,336.0,345.8,344.5,64.9,45.1,5.4,0.3,1331.4,10.5,178.9,1091.1,50.8,2115,,GUMLA,
Jharkhand,Gumla,IMD110-P2115,1905,52.7,69.4,51.9,31.7,41.3,42.7,388.6,330.2,284.9,33.6,0.0,2.6,1329.7,122.1,125.0,1046.4,36.2,2115,,GUMLA,
Jharkhand,Gumla,IMD110-P2115,1906,49.0,193.9,70.7,0.0,28.0,216.0,518.5,298.7,233.7,125.3,16.3,10.5,1760.5,242.9,98.7,1267.0,152.0,2115,,GUMLA,
Jharkhand,Gumla,IMD110-P2115,1907,1.4,55.7,93.4,27.8,22.1,290.0,405.1,744.8,66.6,0.0,0.0,30.8,1737.7,57.1,143.3,1506.5,30.8,2115,,GUMLA,
Jharkhand,Gumla,IMD110-P2115,1908,20.0,48.4,4.3,0.7,30.7,188.6,395.6,618.0,329.0,62.9,0.0,0.3,1698.5,68.4,35.7,1531.2,63.2,2115,,GUMLA,
Jharkhand,Gumla,IMD110-P2115,1909,25.7,27.3,4.7,81.0,21.6,300.8,375.4,348.9,174.6,4.9,0.0,31.7,1396.5,52.9,107.3,1199.7,36.6,2115,,GUMLA,
Jharkhand,Gumla,IMD110-P2115,1910,50.4,0.4,0.6,23.1,29.6,229.8,302.4,314.7,264.6,102.4,0.4,0.0,1318.5,50.8,53.3,1111.6,102.8,2115,,GUMLA,
Jharkhand,Gumla,IMD110-P2115,1911,0.0,0.0,27.4,0.0,11.2,383.5,271.8,397.0,182.9,110.1,59.9,0.0,1443.8,0.0,38.7,1235.1,170.0,2115,,GUMLA,
Jharkhand,Gumla,IMD110-P2115,1912,0.7,40.2,6.1,26.4,27.9,115.3,444.4,443.0,86.9,7.8,16.8,0.0,1215.3,40.8,60.4,1089.5,24.6,2115,,GUMLA,
Jharkhand,Gumla,IMD110-P2115,1913,0.0,176.7,69.9,0.3,96.3,309.8,351.8,366.1,109.1,53.0,22.0,18.4,1573.5,176.7,166.5,1136.9,93.4,2115,,GUMLA,
Jharkhand,Gumla,IMD110-P2115,1914,0.0,11.2,29.0,15.6,118.9,129.1,284.7,630.2,318.0,5.9,0.0,3.5,1546.1,11.2,163.6,1362.0,9.4,2115,,GUMLA,
Jharkhand,Gumla,IMD110-P2115,1915,8.9,44.9,45.4,13.7,57.3,116.8,269.2,251.5,239.5,112.9,77.5,0.0,1237.6,53.9,116.3,877.0,190.4,2115,,GUMLA,
Jharkhand,Gumla,IMD110-P2115,1916,0.0,11.0,0.0,18.8,17.1,225.6,211.3,352.6,198.4,316.9,18.3,0.0,1370.1,11.0,35.9,987.9,335.2,2115,,GUMLA,
Jharkhand,Gumla,IMD110-P2115,1917,6.4,39.2,24.3,1.1,59.4,290.5,361.5,292.4,291.9,235.6,0.0,0.0,1602.3,45.6,84.8,1236.3,235.6,2115,,GUMLA,
Jharkhand,Gumla,IMD110-P2115,1918,5.8,15.4,5.7,7.8,74.7,307.5,115.2,375.8,123.0,0.0,0.0,0.0,1030.9,21.2,88.2,921.5,0.0,2115,,GUMLA,
Jharkhand,Gumla,IMD110-P2115,1919,112.9,31.2,54.5,20.5,67.8,592.3,397.4,409.1,188.9,56.6,2.5,0.0,1933.6,144.1,142.8,1587.7,59.0,2115,,GUMLA,
Jharkhand,Gumla,IMD110-P2115,1920,0.0,16.8,43.3,16.5,29.7,128.5,809.3,468.6,129.3,0.0,0.0,0.0,1642.0,16.8,89.6,1535.6,0.0,2115,,GUMLA,
Jharkhand,Gumla,IMD110-P2115,1921,39.8,6.8,0.0,10.0,1.1,256.1,452.1,314.6,214.6,47.1,0.0,0.0,1342.2,46.6,11.1,1237.4,47.1,2115,,GUMLA,
Jharkhand,Gumla,IMD110-P2115,1922,1.8,26.9,0.0,6.7,39.3,257.5,461.9,197.5,333.5,84.9,15.9,0.0,1425.8,28.7,46.0,1250.3,100.8,2115,,GUMLA,
Jharkhand,Gumla,IMD110-P2115,1923,2.2,70.4,10.5,0.8,22.7,206.1,565.3,716.0,122.3,43.9,25.0,0.3,1785.5,72.7,34.0,1609.6,69.2,2115,,GUMLA,
Jharkhand,Gumla,IMD110-P2115,1924,47.5,30.1,9.4,1.9,53.7,115.2,384.8,247.0,348.6,100.1,172.6,0.0,1510.9,77.6,65.0,1095.6,272.7,2115,,GUMLA,
Jharkhand,Gumla,IMD110-P2115,1925,3.8,0.0,7.2,30.1,127.9,258.3,534.3,395.2,181.4,68.1,5.6,0.0,1612.0,3.8,165.2,1369.2,73.7,2115,,GUMLA,
Jharkhand,Gumla,IMD110-P2115,1926,26.7,5.9,77.7,17.6,40.5,58.6,442.4,436.5,369.3,49.1,0.0,18.4,1542.8,32.6,135.9,1306.8,67.5,2115,,GUMLA,
Jharkhand,Gumla,IMD110-P2115,1927,11.0,107.8,17.6,2.5,32.4,98.3,493.6,369.0,156.4,63.2,20.5,0.0,1372.3,118.8,52.5,1117.3,83.7,2115,,GUMLA,
Jharkhand,Gumla,IMD110-P2115,1928,37.8,6.6,14.9,38.5,51.2,157.7,309.3,284.7,164.8,188.1,0.0,4.7,1258.3,44.4,104.6,916.5,192.8,2115,,GUMLA,
Jharkhand,Gumla,IMD110-P2115,1929,107.6,42.8,6.5,4.4,9.6,121.4,614.7,464.1,210.2,236.0,0.0,80.5,1897.8,150.4,20.5,1410.4,316.5,2115,,GUMLA,
Jharkhand,Gumla,IMD110-P2115,1930,0.0,1.3,12.1,32.1,3.2,172.1,794.3,573.5,167.8,59.8,147.2,2.7,1966.1,1.3,47.4,1707.6,209.8,2115,,GUMLA,
Jharkhand,Gumla,IMD110-P2115,1931,16.8,166.2,10.0,3.6,60.1,103.3,348.2,426.5,174.4,115.8,39.3,0.0,1464.0,183.0,73.7,1052.3,155.1,2115,,GUMLA,
Jharkhand,Gumla,IMD110-P2115,1932,0.0,29.5,11.1,19.9,44.3,116.9,437.4,406.4,309.0,34.5,72.4,0.0,1481.3,29.5,75.2,1269.7,106.9,2115,,GUMLA,
Jharkhand,Gumla,IMD110-P2115,1933,78.0,126.2,10.6,10.9,69.6,196.7,360.4,426.3,267.8,113.8,3.9,3.9,1668.0,204.2,91.1,1251.2,121.5,2115,,GUMLA,
Jharkhand,Gumla,IMD110-P2115,1934,11.6,0.6,4.2,12.8,1.9,212.9,303.3,422.8,284.3,70.6,15.6,1.5,1341.9,12.2,18.8,1223.3,87.6,2116,,GUMLA,
Jharkhand,Gumla,IMD110-P2115,1935,49.5,39.0,26.2,77.6,3.4,142.1,455.0,336.8,169.0,0.1,0.0,0.3,1299.0,88.6,107.2,1103.0,0.3,2116,,GUMLA,
Jharkhand,Gumla,IMD110-P2115,1936,15.3,44.6,14.4,0.5,95.4,354.4,542.9,544.8,438.8,206.4,20.7,8.8,2286.7,59.8,110.3,1880.8,235.8,2116,,GUMLA,
Jharkhand,Gumla,IMD110-P2115,1937,0.0,121.4,15.3,45.9,62.2,212.6,448.4,390.0,322.9,158.4,0.0,0.0,1777.0,121.4,123.4,1373.9,158.4,2116,,GUMLA,
Jharkhand,Gumla,IMD110-P2115,1938,53.5,67.4,0.0,1.9,101.0,231.1,350.8,363.5,341.3,39.7,0.8,0.0,1551.0,120.9,102.9,1286.7,40.5,2116,,GUMLA,
Jharkhand,Gumla,IMD110-P2115,1939,29.0,86.5,84.8,17.9,13.0,301.5,357.8,356.0,187.8,173.8,0.0,2.2,1610.2,115.5,115.6,1203.0,176.0,2116,,GUMLA,
Jharkhand,Gumla,IMD110-P2115,1940,1.5,36.4,90.8,37.7,24.7,197.3,445.5,377.4,160.3,48.3,0.0,21.9,1441.7,37.9,153.2,1180.4,70.2,2116,,GUMLA,
Jharkhand,Gumla,IMD110-P2115,1941,39.6,10.9,6.1,10.7,32.9,300.6,392.4,333.5,153.6,177.2,57.7,0.3,1515.5,50.5,49.7,1180.1,235.2,2116,,GUMLA,
Jharkhand,Gumla,IMD110-P2115,1942,13.1,92.9,6.0,36.3,8.2,183.6,414.9,375.8,491.6,17.0,0.3,0.2,1639.8,106.0,50.4,1465.9,17.5,2116,,GUMLA,
Jharkhand,Gumla,IMD110-P2115,1943,135.2,12.3,0.1,32.3,50.4,173.5,419.0,586.2,327.7,128.6,0.0,0.0,1865.4,147.5,82.7,1506.5,128.6,2116,,GUMLA,
Jharkhand,Gumla,IMD110-P2115,1944,72.6,112.5,78.1,44.1,17.8,114.5,398.8,603.7,198.1,167.4,11.4,0.0,1818.9,185.0,140.1,1315.0,178.8,2116,,GUMLA,
Jharkhand,Gumla,IMD110-P2115,1945,61.4,19.9,0.0,19.3,18.0,223.0,297.8,336.2,304.0,155.9,3.0,1.8,1440.3,81.3,37.4,1161.0,160.6,2116,,GUMLA,
Jharkhand,Gumla,IMD110-P2115,1946,0.0,28.7,28.6,56.9,89.8,311.9,376.2,436.8,255.9,103.8,59.3,0.0,1748.1,28.7,175.3,1380.9,163.1,2116,,GUMLA,
Jharkhand,Gumla,IMD110-P2115,1947,24.2,56.0,41.8,2.5,12.2,217.8,287.7,330.3,204.1,80.2,4.8,26.1,1287.7,80.1,56.5,1039.9,111.2,2116,,GUMLA,
Jharkhand,Gumla,IMD110-P2115,1948,47.5,12.4,13.3,3.2,33.8,239.0,425.6,313.7,164.9,129.0,86.7,0.0,1469.1,59.9,50.3,1143.2,215.7,2116,,GUMLA,
Jharkhand,Gumla,IMD110-P2115,1949,12.7,34.6,7.0,48.0,110.8,153.4,457.5,481.8,225.1,108.0,0.0,1.0,1639.9,47.3,165.8,1317.9,108.9,2116,,GUMLA,
Jharkhand,Gumla,IMD110-P2115,1950,0.0,17.0,47.8,1.3,23.6,309.0,441.1,356.8,180.1,23.0,5.1,0.6,1405.3,17.0,72.7,1286.9,28.7,2116,,GUMLA,
Jharkhand,Gumla,IMD110-P2115,1951,11.1,0.0,100.7,90.0,36.2,221.4,224.6,339.5,251.3,104.9,1.2,0.0,1380.9,11.1,226.9,1036.9,106.0,2116,,GUMLA,
Jharkhand,Gumla,IMD110-P2115,1952,5.7,28.0,30.7,67.8,95.5,214.8,425.9,452.0,189.3,113.4,0.0,1.5,1624.8,33.7,194.1,1282.0,114.9,2116,,GUMLA,
Jharkhand,Gumla,IMD110-P2115,1953,26.2,10.9,0.0,4.3,10.2,194.9,491.5,383.6,427.4,36.1,10.1,0.0,1595.2,37.1,14.5,1497.4,46.2,2116,,GUMLA,
Jharkhand,Gumla,IMD110-P2115,1954,7.7,13.8,10.4,11.7,16.3,194.1,347.6,361.1,241.6,11.2,0.0,9.6,1225.2,21.5,38.5,1144.4,20.8,2116,,GUMLA,
Jharkhand,Gumla,IMD110-P2115,1955,46.4,6.4,5.6,2.1,44.7,129.1,305.3,279.6,175.7,108.4,4.0,0.0,1107.3,52.8,52.4,889.6,112.4,2116,,GUMLA,
Jharkhand,Gumla,IMD110-P2115,1956,37.2,31.2,73.1,1.0,101.7,292.2,289.8,334.1,231.9,120.2,12.3,4.0,1528.7,68.4,175.8,1148.0,136.5,2116,,GUMLA,
Jharkhand,Gumla,IMD110-P2115,1957,69.3,34.0,65.6,12.7,9.3,116.5,524.6,315.2,189.0,15.8,0.0,0.0,1352.0,103.3,87.6,1145.3,15.8,2116,,GUMLA,
Jharkhand,Gumla,IMD110-P2115,1958,13.0,99.8,39.4,40.3,10.2,123.9,381.0,328.4,252.4,113.9,0.3,0.0,1402.7,112.8,89.9,1085.8,114.2,2116,,GUMLA,
Jharkhand,Gumla,IMD110-P2115,1959,66.2,4.9,5.4,23.2,39.3,169.7,380.8,394.4,409.0,151.2,0.0,0.0,1644.1,71.1,67.9,1353.9,151.2,2116,,GUMLA,
Jharkhand,Gumla,IMD110-P2115,1960,34.7,0.0,28.6,1.4,7.8,159.8,420.0,621.1,354.6,55.0,0.0,0.0,1683.0,34.7,37.8,1555.4,55.0,2116,,GUMLA,
Jharkhand,Gumla,IMD110-P2115,1961,3.6,81.1,0.0,28.7,15.0,501.0,372.2,421.9,379.7,183.7,3.3,4.5,1994.6,84.6,43.7,1674.8,191.4,2116,,GUMLA,
Jharkhand,Gumla,IMD110-P2115,1962,3.6,39.0,1.7,18.6,38.1,309.9,224.2,269.7,202.2,36.5,0.0,23.4,1166.9,42.6,58.4,1006.1,59.9,2116,,GUMLA,
Jharkhand,Gumla,IMD110-P2115,1963,5.9,15.4,17.2,36.4,69.5,201.9,433.1,309.5,225.3,230.7,7.4,0.4,1552.7,21.3,123.1,1169.8,238.5,2116,,GUMLA,
Jharkhand,Gumla,IMD110-P2115,1964,1.2,23.1,1.1,8.6,27.2,256.3,359.9,347.1,151.6,79.8,1.2,0.0,1257.2,24.4,36.9,1114.9,81.1,2116,,GUMLA,
Jharkhand,Gumla,IMD110-P2115,1965,1.4,9.9,23.4,30.3,19.9,124.9,460.9,238.2,247.0,34.0,0.0,0.0,1190.0,11.3,73.6,1071.1,34.0,2116,,GUMLA,
Jharkhand,Gumla,IMD110-P2115,1966,23.8,7.6,0.0,17.3,15.1,192.9,211.2,296.7,75.3,56.9,10.9,9.1,916.9,31.5,32.4,776.0,76.9,2116,,GUMLA,
Jharkhand,Gumla,IMD110-P2115,1967,5.6,0.0,48.9,11.8,48.3,75.2,317.7,487.6,278.0,28.5,0.3,46.9,1348.9,5.6,109.0,1158.5,75.8,2116,,GUMLA,
Jharkhand,Gumla,IMD110-P2115,1968,50.5,21.2,12.4,13.0,19.3,234.1,297.3,414.7,65.3,58.2,0.0,2.7,1188.8,71.7,44.7,1011.4,60.9,2117,,GUMLA,
Jharkhand,Gumla,IMD110-P2115,1969,9.1,7.3,16.2,40.2,95.1,125.3,363.4,364.0,194.6,47.3,14.9,0.2,1277.6,16.3,151.5,1047.2,62.5,2117,,GUMLA,
Jharkhand,Gumla,IMD110-P2115,1970,39.5,27.8,52.9,17.7,41.7,179.1,347.4,254.8,365.5,53.0,0.0,0.0,1379.4,67.3,112.3,1146.8,53.0,2117,,GUMLA,
Jharkhand,Gumla,IMD110-P2115,1974,0.0,0.0,0.0,0.0,0.0,54.4,201.9,,,,,,,0.0,0.0,,,2117,missing_months,GUMLA,
Jharkhand,Gumla,IMD110-P2115,1975,17.1,12.0,17.5,1.1,2.8,146.9,425.3,646.5,214.5,86.3,0.0,0.0,1570.1,29.1,21.5,1433.2,86.3,2117,,GUMLA,
Jharkhand,Gumla,IMD110-P2115,1976,0.0,25.2,10.2,51.0,28.4,70.0,359.3,251.2,506.7,5.4,2.9,9.4,1319.7,25.2,89.6,1187.2,17.7,2117,,GUMLA,
Jharkhand,Gumla,IMD110-P2115,1977,23.9,8.9,0.0,36.4,56.5,175.8,386.0,322.7,189.7,51.0,31.0,33.3,1315.3,32.8,92.9,1074.2,115.4,2117,,GUMLA,
Jharkhand,Gumla,IMD110-P2115,1978,28.4,76.5,39.2,2.5,0.0,255.4,284.5,338.8,282.5,87.8,6.8,12.8,1415.2,104.9,41.7,1161.3,107.3,2117,,GUMLA,
Jharkhand,Gumla,IMD110-P2115,1979,18.1,33.3,0.0,0.0,0.0,76.8,111.7,170.5,90.5,4.0,37.8,0.7,543.4,51.4,0.0,449.5,42.5,2117,,GUMLA,
Jharkhand,Gumla,IMD110-P2115,1980,18.4,17.0,23.9,26.0,23.3,216.6,409.3,256.0,183.4,49.8,0.0,2.3,1226.0,35.4,73.2,1065.3,52.1,2117,,GUMLA,
Jharkhand,Gumla,IMD110-P2115,1981,46.9,25.5,25.5,19.1,56.4,124.0,247.8,212.5,189.7,1.0,2.5,11.0,961.8,72.4,101.0,773.9,14.5,2117,,GUMLA,
Jharkhand,Gumla,IMD110-P2115,1982,24.4,33.7,73.3,32.8,36.0,163.0,169.1,362.9,187.3,62.3,8.2,1.3,1154.3,58.1,142.1,882.4,71.8,2117,,GUMLA,
Jharkhand,Gumla,IMD110-P2115,1983,11.7,58.1,8.4,55.7,89.3,101.9,232.3,229.4,247.5,54.5,0.0,13.9,1102.8,69.8,153.4,811.2,68.4,2117,,GUMLA,
Jharkhand,Gumla,IMD110-P2115,1984,47.4,36.7,0.0,9.8,4.1,221.9,376.5,331.4,102.6,45.4,0.0,0.9,1176.6,84.1,13.8,1032.3,46.3,2117,,GUMLA,
Jharkhand,Gumla,IMD110-P2115,1985,26.0,9.9,0.0,13.5,57.3,79.3,345.1,252.8,105.3,112.2,0.0,0.0,1001.5,35.9,70.8,782.6,112.2,2117,,GUMLA,
Jharkhand,Gumla,IMD110-P2115,1986,8.2,34.3,4.3,15.9,43.3,215.4,423.8,217.8,207.0,97.6,34.1,58.6,1360.3,42.5,63.5,1064.0,190.2,2117,,GUMLA,
Jharkhand,Gumla,IMD110-P2115,1987,10.4,16.0,13.1,15.6,50.6,61.9,289.6,323.9,371.6,24.4,58.2,4.5,1239.8,26.5,79.3,1047.0,87.1,2117,,GUMLA,
Jharkhand,Gumla,IMD110-P2115,1988,0.7,14.3,41.5,36.5,9.3,202.7,160.5,167.2,47.3,6.1,0.0,1.3,687.4,14.9,87.3,577.7,7.4,2117,,GUMLA,
Jharkhand,Gumla,IMD110-P2115,1989,4.0,0.0,5.9,0.0,24.4,260.1,276.0,200.5,138.8,13.9,21.3,9.4,954.1,4.0,30.2,875.3,44.6,2117,,GUMLA,
Jharkhand,Gumla,IMD110-P2115,1990,0.9,23.6,27.0,21.9,158.8,168.0,436.2,234.2,248.7,104.1,23.8,0.9,1448.1,24.5,207.8,1087.0,128.8,2117,,GUMLA,
Jharkhand,Gumla,IMD110-P2115,1991,56.6,26.0,59.1,33.6,21.7,173.1,232.5,321.6,266.3,28.0,1.4,44.7,1264.7,82.7,114.4,993.6,74.0,2117,,GUMLA,
Jharkhand,Gumla,IMD110-P2115,1992,2.4,3.8,0.7,18.7,41.7,98.3,263.1,242.2,106.0,20.4,4.4,0.8,802.4,6.1,61.0,709.6,25.7,2117,,GUMLA,
Jharkhand,Gumla,IMD110-P2115,1993,0.0,4.8,9.9,21.8,34.2,193.9,230.2,158.6,345.7,57.0,19.2,0.0,1075.4,4.8,66.0,928.5,76.1,2117,,GUMLA,
Jharkhand,Gumla,IMD110-P2115,1994,8.9,25.7,0.0,10.7,32.8,438.9,417.5,343.1,169.9,125.7,4.3,0.2,1577.7,34.6,43.5,1369.4,130.2,2117,,GUMLA,
Jharkhand,Gumla,IMD110-P2115,1995,18.9,6.9,60.9,13.3,21.4,138.6,274.6,270.5,292.2,47.1,87.6,24.9,1257.0,25.8,95.7,975.8,159.7,2117,,GUMLA,
Jharkhand,Gumla,IMD110-P2115,1996,35.5,30.3,15.2,5.9,13.2,340.0,348.6,373.9,134.7,14.9,0.0,0.0,1312.2,65.8,34.3,1197.2,14.9,2117,,GUMLA,
Jharkhand,Gumla,IMD110-P2115,1997,4.8,2.1,0.0,15.8,11.9,227.5,342.1,382.8,274.1,98.6,62.0,45.9,1467.7,6.9,27.7,1226.4,206.6,2117,,GUMLA,
Jharkhand,Gumla,IMD110-P2115,1998,127.8,19.9,48.0,49.5,48.0,93.8,292.4,309.8,375.8,147.7,85.2,0.0,1597.9,147.7,145.4,1071.8,232.9,2117,,GUMLA,
Jharkhand,Gumla,IMD110-P2115,1999,0.0,0.0,0.0,0.0,132.1,165.6,382.2,390.4,328.4,111.1,1.6,0.0,1511.3,0.0,132.1,1266.5,112.8,2117,,GUMLA,
Jharkhand,Gumla,IMD110-P2115,2000,0.0,8.5,4.8,0.0,,,437.0,133.3,216.1,24.1,0.0,0.0,,8.5,,,24.1,2117,missing_months,GUMLA,
Jharkhand,Gumla,IMD110-P2115,2001,8.8,18.3,53.8,24.7,30.1,267.1,460.3,196.1,84.5,63.4,0.5,0.0,1207.6,27.0,108.6,1008.0,63.9,2117,,GUMLA,
Jharkhand,Gumla,IMD110-P2115,2002,11.3,8.9,40.3,5.8,16.4,203.5,138.1,249.1,251.4,46.3,0.0,1.0,972.2,20.2,62.5,842.2,47.3,2117,,GUMLA,
Jharkhand,Gumla,IMD110-P2115,2003,0.3,30.3,48.3,10.8,12.0,154.8,197.4,201.3,271.8,287.9,3.2,8.6,1226.5,30.5,71.1,825.2,299.7,2117,,GUMLA,
Jharkhand,Gumla,IMD110-P2115,2004,9.5,0.9,1.9,39.5,14.2,135.6,235.3,384.6,241.0,61.3,0.0,1.0,1124.7,10.4,55.5,996.4,62.4,2117,,GUMLA,
Jharkhand,Gumla,IMD110-P2115,2005,25.9,17.5,8.3,1.9,19.0,193.9,321.8,203.3,171.6,69.4,0.2,2.6,1035.1,43.3,29.1,890.6,72.1,2118,,GUMLA,
Jharkhand,Gumla,IMD110-P2115,2006,0.0,2.9,9.5,5.7,69.0,106.5,410.7,316.3,116.9,30.3,4.7,0.0,1072.6,2.9,84.2,950.4,35.0,2118,,GUMLA,
Jharkhand,Gumla,IMD110-P2115,2007,0.0,34.6,38.0,26.1,63.6,148.2,294.3,380.5,247.4,37.1,22.0,0.0,1291.8,34.6,127.7,1070.3,59.1,2118,,GUMLA,
Jharkhand,Gumla,IMD110-P2115,2008,11.1,6.8,7.0,13.9,27.1,270.6,341.5,413.0,,87.6,0.0,0.0,,17.9,48.0,,87.6,2118,missing_months,GUMLA,
Jharkhand,Gumla,IMD110-P2115,2009,2.4,0.6,1.0,1.9,53.7,51.4,347.0,307.0,139.2,85.3,12.6,1.9,1004.1,3.1,56.5,844.7,99.8,2118,,GUMLA,
Jharkhand,Gumla,IMD110-P2115,2010,0.0,1.6,0.0,6.0,29.8,108.3,242.9,216.0,198.3,89.9,16.6,24.4,933.8,1.6,35.8,765.4,130.9,2118,,GUMLA,
Jharkhand,Hazaribagh,IMD110-P2119,1901,74.0,58.7,19.3,3.1,55.5,17.2,177.2,324.7,234.7,25.5,13.7,0.0,1003.5,132.6,78.0,753.8,39.2,2119,,HAZARIBAGH,
Jharkhand,Hazaribagh,IMD110-P2119,1902,4.1,6.2,22.5,17.5,56.3,95.7,433.4,192.6,302.8,27.3,1.1,0.0,1159.5,10.3,96.3,1024.5,28.4,2119,,HAZARIBAGH,
Jharkhand,Hazaribagh,IMD110-P2119,1903,11.0,31.0,2.5,42.9,51.9,68.7,146.3,306.6,198.2,225.9,0.1,0.0,1085.1,42.0,97.3,719.7,226.1,2119,,HAZARIBAGH,
Jharkhand,Hazaribagh,IMD110-P2119,1904,3.6,10.2,36.8,0.7,123.9,283.3,450.5,339.9,239.8,31.8,1.0,0.0,1521.5,13.8,161.5,1313.5,32.8,2119,,HAZARIBAGH,
Jharkhand,Hazaribagh,IMD110-P2119,1905,29.8,47.3,106.7,37.6,26.4,15.6,420.9,262.3,342.8,5.7,0.0,3.9,1299.0,77.1,170.7,1041.6,9.6,2119,,HAZARIBAGH,
Jharkhand,Hazaribagh,IMD110-P2119,1906,42.3,97.5,17.3,1.4,22.8,145.8,205.1,173.5,183.0,88.8,1.1,0.4,978.9,139.8,41.5,707.3,90.3,2119,,HAZARIBAGH,
Jharkhand,Hazaribagh,IMD110-P2119,1907,2.4,99.6,71.8,19.8,24.6,382.7,175.9,413.2,255.8,0.0,0.0,13.3,1459.0,102.0,116.2,1227.6,13.3,2119,,HAZARIBAGH,
Jharkhand,Hazaribagh,IMD110-P2119,1908,10.3,91.6,8.0,0.0,18.4,206.5,353.2,264.5,158.9,26.7,0.0,0.4,1138.4,101.9,26.3,983.1,27.1,2119,,HAZARIBAGH,
Jharkhand,Hazaribagh,IMD110-P2119,1909,43.3,2.7,0.0,55.2,4.3,269.6,271.1,461.2,273.1,17.1,0.0,16.7,1414.3,46.0,59.5,1275.0,33.8,2119,,HAZARIBAGH,
Jharkhand,Hazaribagh,IMD110-P2119,1910,8.4,11.9,0.8,13.4,63.3,224.8,271.2,358.1,269.8,75.1,14.4,4.3,1315.6,20.2,77.6,1124.0,93.8,2119,,HAZARIBAGH,
Jharkhand,Hazaribagh,IMD110-P2119,1911,0.5,0.0,44.2,8.7,12.0,553.1,111.2,630.2,310.3,65.3,40.7,0.0,1776.1,0.5,64.9,1604.7,106.0,2119,,HAZARIBAGH,
Jharkhand,Hazaribagh,IMD110-P2119,1912,9.5,6.8,8.4,7.5,51.5,92.0,370.9,348.7,102.1,24.6,75.1,0.0,1097.1,16.3,67.4,913.7,99.8,2119,,HAZARIBAGH,
Jharkhand,Hazaribagh,IMD110-P2119,1913,1.2,73.6,53.3,0.0,64.1,416.5,242.9,392.8,200.9,51.1,15.9,16.5,1528.9,74.8,117.4,1253.2,83.5,2119,,HAZARIBAGH,
Jharkhand,Hazaribagh,IMD110-P2119,1914,0.0,15.7,23.3,38.4,145.9,102.2,292.8,339.3,131.1,14.7,0.0,5.8,1109.2,15.7,207.6,865.4,20.5,2119,,HAZARIBAGH,
Jharkhand,Hazaribagh,IMD110-P2119,1915,7.3,68.4,37.1,15.2,44.1,126.8,246.4,157.1,203.4,56.8,29.9,0.0,992.4,75.7,96.4,733.7,86.7,2119,,HAZARIBAGH,
Jharkhand,Hazaribagh,IMD110-P2119,1916,0.0,23.0,0.0,11.5,43.8,271.8,247.6,262.1,241.5,343.8,3.6,0.0,1448.7,23.0,55.3,1023.0,347.4,2119,,HAZARIBAGH,
Jharkhand,Hazaribagh,IMD110-P2119,1917,2.5,35.6,20.4,8.1,110.3,276.9,327.8,529.2,237.6,376.0,0.0,0.0,1924.3,38.1,138.8,1371.5,376.0,2119,,HAZARIBAGH,
Jharkhand,Hazaribagh,IMD110-P2119,1918,6.8,0.0,5.8,17.3,65.7,270.6,154.9,438.8,230.6,0.0,0.0,0.2,1190.7,6.8,88.9,1094.9,0.2,2119,,HAZARIBAGH,
Jharkhand,Hazaribagh,IMD110-P2119,1919,105.0,14.6,19.0,25.2,95.5,337.6,354.1,369.7,156.3,141.9,0.2,0.0,1619.1,119.6,139.7,1217.7,142.1,2119,,HAZARIBAGH,
Jharkhand,Hazaribagh,IMD110-P2119,1920,0.0,28.3,66.4,7.2,62.8,90.7,504.4,189.6,194.8,10.5,0.0,0.0,1154.8,28.3,136.4,979.5,10.5,2119,,HAZARIBAGH,
Jharkhand,Hazaribagh,IMD110-P2119,1921,31.3,8.6,0.0,11.9,6.4,142.0,279.4,326.3,163.4,27.7,0.0,0.0,996.9,39.9,18.3,911.1,27.7,2119,,HAZARIBAGH,
Jharkhand,Hazaribagh,IMD110-P2119,1922,18.0,0.9,0.0,28.9,19.7,298.1,270.6,437.4,180.6,52.2,7.9,1.7,1316.0,18.9,48.6,1186.6,61.9,2119,,HAZARIBAGH,
Jharkhand,Hazaribagh,IMD110-P2119,1923,0.7,67.0,9.6,7.7,17.1,268.9,390.1,520.1,111.7,21.4,18.7,1.0,1434.1,67.7,34.5,1290.8,41.1,2119,,HAZARIBAGH,
Jharkhand,Hazaribagh,IMD110-P2119,1924,9.0,16.3,2.8,13.1,15.1,165.9,530.1,269.9,289.0,68.8,142.3,0.0,1522.4,25.3,31.0,1255.0,211.1,2119,,HAZARIBAGH,
Jharkhand,Hazaribagh,IMD110-P2119,1925,7.3,10.5,2.9,48.5,67.3,135.0,367.2,274.7,129.3,21.7,1.3,0.0,1065.8,17.9,118.7,906.3,23.0,2119,,HAZARIBAGH,
Jharkhand,Hazaribagh,IMD110-P2119,1926,38.2,1.4,60.1,7.3,28.1,50.1,477.6,273.3,298.8,16.9,4.2,29.9,1285.8,39.6,95.4,1099.8,50.9,2119,,HAZARIBAGH,
Jharkhand,Hazaribagh,IMD110-P2119,1927,48.5,113.7,35.6,0.8,55.7,87.3,396.4,229.6,153.7,37.9,32.2,0.0,1191.4,162.2,92.1,866.9,70.1,2119,,HAZARIBAGH,
Jharkhand,Hazaribagh,IMD110-P2119,1928,66.9,11.0,0.3,18.9,42.0,324.3,389.3,146.1,125.3,220.4,0.0,0.0,1344.6,77.9,61.3,985.0,220.4,2119,,HAZARIBAGH,
Jharkhand,Hazaribagh,IMD110-P2119,1929,49.6,9.6,14.1,10.2,9.8,142.6,397.1,547.1,75.5,266.1,0.0,65.6,1587.3,59.1,34.1,1162.3,331.7,2119,,HAZARIBAGH,
Jharkhand,Hazaribagh,IMD110-P2119,1930,0.4,6.3,1.1,16.7,13.0,151.7,561.8,248.2,167.6,57.8,136.2,5.2,1366.1,6.8,30.8,1129.3,199.2,2119,,HAZARIBAGH,
Jharkhand,Hazaribagh,IMD110-P2119,1931,14.9,103.7,12.0,3.0,14.8,64.0,299.7,402.2,190.1,105.5,51.1,0.8,1261.8,118.6,29.8,956.1,157.4,2119,,HAZARIBAGH,
Jharkhand,Hazaribagh,IMD110-P2119,1932,0.0,33.6,0.3,9.1,41.0,77.1,307.7,238.8,243.6,51.3,65.6,1.5,1069.4,33.6,50.4,867.2,118.3,2119,,HAZARIBAGH,
Jharkhand,Hazaribagh,IMD110-P2119,1933,88.9,59.7,4.2,33.2,117.0,254.9,386.8,340.5,184.3,57.9,0.0,0.0,1527.4,148.6,154.4,1166.5,57.9,2119,,HAZARIBAGH,
Jharkhand,Hazaribagh,IMD110-P2119,1934,57.4,19.9,6.3,4.5,10.8,147.0,407.4,366.8,196.8,55.6,1.8,0.0,1274.2,77.3,21.6,1118.0,57.3,2120,,HAZARIBAGH,
Jharkhand,Hazaribagh,IMD110-P2119,1935,64.2,10.9,5.4,7.3,0.5,106.0,317.3,490.1,266.0,0.0,0.0,0.0,1267.8,75.1,13.2,1179.4,0.0,2120,,HAZARIBAGH,
Jharkhand,Hazaribagh,IMD110-P2119,1936,16.6,16.3,17.9,4.6,97.7,210.1,317.0,393.8,388.3,160.0,8.9,9.5,1640.7,32.9,120.2,1309.2,178.4,2120,,HAZARIBAGH,
Jharkhand,Hazaribagh,IMD110-P2119,1937,0.0,71.8,6.3,11.9,66.5,116.9,297.7,228.0,301.5,119.4,0.0,0.0,1220.0,71.8,84.7,944.1,119.4,2120,,HAZARIBAGH,
Jharkhand,Hazaribagh,IMD110-P2119,1938,16.1,37.3,0.0,0.0,64.4,168.8,239.8,239.2,230.8,36.8,0.8,0.0,1034.0,53.4,64.4,878.6,37.6,2120,,HAZARIBAGH,
Jharkhand,Hazaribagh,IMD110-P2119,1939,17.7,30.8,54.3,15.3,2.4,273.6,365.5,405.2,332.4,54.1,0.0,0.0,1551.4,48.5,72.0,1376.7,54.1,2120,,HAZARIBAGH,
Jharkhand,Hazaribagh,IMD110-P2119,1940,0.0,53.7,70.0,11.2,18.3,41.9,264.0,440.8,117.1,59.9,0.0,31.4,1108.3,53.7,99.5,863.8,91.3,2120,,HAZARIBAGH,
Jharkhand,Hazaribagh,IMD110-P2119,1941,41.7,3.6,1.2,2.2,75.5,345.6,275.0,437.5,237.4,194.8,2.2,0.0,1616.8,45.3,78.9,1295.6,197.0,2120,,HAZARIBAGH,
Jharkhand,Hazaribagh,IMD110-P2119,1942,4.5,58.6,30.5,15.4,22.2,122.0,487.3,493.4,389.1,14.9,7.4,1.2,1646.5,63.1,68.1,1491.8,23.5,2120,,HAZARIBAGH,
Jharkhand,Hazaribagh,IMD110-P2119,1943,80.1,8.6,0.0,30.6,22.5,85.4,414.3,593.2,189.7,85.6,0.0,0.0,1510.0,88.8,53.1,1282.6,85.6,2120,,HAZARIBAGH,
Jharkhand,Hazaribagh,IMD110-P2119,1944,18.5,61.4,24.0,29.2,13.2,165.8,362.6,394.6,88.1,85.0,0.0,0.0,1242.3,79.9,66.3,1011.1,85.0,2120,,HAZARIBAGH,
Jharkhand,Hazaribagh,IMD110-P2119,1945,50.0,35.8,0.0,13.4,35.9,113.6,304.9,303.8,228.5,140.1,16.6,3.3,1246.0,85.9,49.3,950.8,160.0,2120,,HAZARIBAGH,
Jharkhand,Hazaribagh,IMD110-P2119,1946,0.0,14.1,24.2,87.5,93.9,219.5,305.6,266.3,327.1,152.9,34.5,0.0,1525.6,14.1,205.6,1118.6,187.4,2120,,HAZARIBAGH,
Jharkhand,Hazaribagh,IMD110-P2119,1947,3.3,14.0,46.5,0.0,41.7,116.4,317.2,349.0,223.8,132.0,0.0,9.4,1253.2,17.3,88.1,1006.4,141.4,2120,,HAZARIBAGH,
Jharkhand,Hazaribagh,IMD110-P2119,1948,31.6,26.0,17.8,1.9,41.9,199.0,341.7,295.8,178.0,119.1,105.3,0.0,1358.2,57.6,61.6,1014.5,224.5,2120,,HAZARIBAGH,
Jharkhand,Hazaribagh,IMD110-P2119,1949,34.1,16.4,12.8,38.7,99.9,232.1,349.2,304.7,214.7,55.7,0.0,0.0,1358.3,50.5,151.4,1100.7,55.7,2120,,HAZARIBAGH,
Jharkhand,Hazaribagh,IMD110-P2119,1950,1.5,16.8,29.7,2.5,36.3,252.8,420.7,312.5,198.3,27.9,0.3,9.2,1308.6,18.3,68.6,1184.3,37.4,2120,,HAZARIBAGH,
Jharkhand,Hazaribagh,IMD110-P2119,1951,6.8,0.0,22.1,17.3,25.1,196.8,285.5,216.8,247.6,72.6,3.1,0.1,1093.6,6.8,64.5,946.7,75.7,2120,,HAZARIBAGH,
Jharkhand,Hazaribagh,IMD110-P2119,1952,3.7,7.8,30.8,53.9,81.1,153.0,314.5,315.1,270.8,55.9,0.0,0.4,1286.9,11.5,165.7,1053.4,56.3,2120,,HAZARIBAGH,
Jharkhand,Hazaribagh,IMD110-P2119,1953,56.9,11.4,0.0,7.6,14.9,208.2,484.7,487.7,295.1,15.9,7.7,0.0,1590.1,68.3,22.6,1475.7,23.6,2120,,HAZARIBAGH,
Jharkhand,Hazaribagh,IMD110-P2119,1954,15.2,10.6,7.0,0.2,26.6,156.9,268.5,285.9,294.3,51.9,0.0,5.9,1122.8,25.8,33.7,1005.5,57.8,2120,,HAZARIBAGH,
Jharkhand,Hazaribagh,IMD110-P2119,1955,62.9,13.7,5.9,1.3,13.5,95.5,349.0,222.7,105.7,82.0,6.1,0.0,958.4,76.6,20.7,773.0,88.1,2120,,HAZARIBAGH,
Jharkhand,Hazaribagh,IMD110-P2119,1956,17.6,24.6,31.1,6.3,95.1,190.8,252.9,261.2,277.3,142.6,11.5,9.9,1320.9,42.2,132.5,982.2,163.9,2120,,HAZARIBAGH,
Jharkhand,Hazaribagh,IMD110-P2119,1957,120.0,16.0,71.5,1.0,2.5,242.8,665.8,431.3,493.9,23.7,0.0,0.2,2068.6,136.0,75.0,1833.7,23.9,2120,,HAZARIBAGH,
Jharkhand,Hazaribagh,IMD110-P2119,1958,7.8,21.7,16.7,30.5,12.1,103.8,312.0,256.3,342.3,89.2,0.1,0.0,1192.6,29.5,59.3,1014.4,89.3,2120,,HAZARIBAGH,
Jharkhand,Hazaribagh,IMD110-P2119,1959,58.9,4.3,2.9,19.0,40.0,236.0,370.6,301.5,278.2,326.6,0.0,0.0,1638.0,63.2,61.9,1186.3,326.6,2120,,HAZARIBAGH,
Jharkhand,Hazaribagh,IMD110-P2119,1960,2.3,0.7,38.5,1.0,12.4,88.6,267.8,389.2,215.4,63.7,0.0,0.0,1079.8,3.0,52.0,961.1,63.7,2120,,HAZARIBAGH,
Jharkhand,Hazaribagh,IMD110-P2119,1961,9.9,93.8,0.0,4.4,32.5,304.5,363.2,379.8,291.8,187.8,0.1,7.3,1675.0,103.7,36.9,1339.3,195.2,2120,,HAZARIBAGH,
Jharkhand,Hazaribagh,IMD110-P2119,1962,7.5,12.8,6.9,27.6,15.6,110.4,292.0,221.5,208.8,86.5,0.0,12.2,1001.9,20.4,50.1,832.7,98.8,2120,,HAZARIBAGH,
Jharkhand,Hazaribagh,IMD110-P2119,1963,4.4,10.4,13.6,16.3,46.5,127.3,225.5,244.0,306.7,335.5,5.8,0.0,1336.0,14.7,76.5,903.5,341.3,2120,,HAZARIBAGH,
Jharkhand,Hazaribagh,IMD110-P2119,1964,2.3,14.7,2.6,16.0,43.2,151.1,299.1,195.4,230.6,102.4,5.3,0.0,1062.6,17.0,61.7,876.2,107.7,2120,,HAZARIBAGH,
Jharkhand,Hazaribagh,IMD110-P2119,1965,0.0,6.5,21.0,33.6,6.8,133.7,359.5,232.1,222.5,37.1,0.0,2.4,1055.1,6.5,61.4,947.8,39.4,2120,,HAZARIBAGH,
Jharkhand,Hazaribagh,IMD110-P2119,1966,30.8,0.8,0.1,1.4,5.0,178.5,126.0,257.2,67.4,5.8,17.2,14.7,704.9,31.6,6.5,629.0,37.8,2120,,HAZARIBAGH,
Jharkhand,Hazaribagh,IMD110-P2119,1967,0.8,1.0,48.9,22.4,25.6,71.0,240.7,459.9,200.5,38.2,1.0,10.8,1120.9,1.8,97.0,972.1,50.0,2120,,HAZARIBAGH,
Jharkhand,Hazaribagh,IMD110-P2119,1968,49.9,3.3,9.4,4.1,17.1,357.0,371.5,257.3,86.5,62.1,0.0,1.9,1220.1,53.3,30.6,1072.3,64.0,2121,,HAZARIBAGH,
Jharkhand,Hazaribagh,IMD110-P2119,1969,2.9,2.6,3.2,24.7,75.2,136.6,244.3,314.6,163.1,12.9,6.3,0.0,986.2,5.4,103.0,858.6,19.2,2121,,HAZARIBAGH,
Jharkhand,Hazaribagh,IMD110-P2119,1970,17.8,13.1,11.0,2.8,26.5,168.7,225.8,191.4,426.9,64.6,1.7,0.0,1150.4,30.9,40.3,1012.8,66.3,2121,,HAZARIBAGH,
Jharkhand,Hazaribagh,IMD110-P2119,1971,42.0,16.6,1.7,71.3,85.2,265.5,532.8,505.4,206.1,52.7,5.0,0.5,1784.8,58.6,158.1,1509.8,58.3,2121,,HAZARIBAGH,
Jharkhand,Hazaribagh,IMD110-P2119,1972,12.4,36.3,0.3,10.3,3.9,48.2,245.5,392.5,201.5,54.4,20.4,0.4,1026.1,48.8,14.5,887.7,75.2,2121,,HAZARIBAGH,
Jharkhand,Hazaribagh,IMD110-P2119,1973,14.8,9.5,22.6,2.3,54.3,170.4,190.9,276.5,313.9,197.2,11.1,0.1,1263.7,24.3,79.2,951.7,208.4,2121,,HAZARIBAGH,
Jharkhand,Hazaribagh,IMD110-P2119,1974,2.6,0.4,12.1,0.7,45.9,39.3,321.6,333.2,147.5,68.9,0.1,1.2,973.4,3.0,58.7,841.6,70.2,2121,,HAZARIBAGH,
Jharkhand,Hazaribagh,IMD110-P2119,1975,18.7,11.5,40.8,5.6,15.3,111.0,461.5,229.1,278.0,190.2,0.0,0.0,1361.8,30.2,61.7,1079.6,190.2,2121,,HAZARIBAGH,
Jharkhand,Hazaribagh,IMD110-P2119,1976,0.0,21.1,0.2,41.2,47.0,103.5,256.4,260.7,415.2,2.5,0.6,0.4,1148.9,21.1,88.4,1035.7,3.6,2121,,HAZARIBAGH,
Jharkhand,Hazaribagh,IMD110-P2119,1977,13.3,9.2,0.0,54.4,86.9,327.0,465.8,215.9,183.1,47.3,32.0,13.0,1448.1,22.6,141.4,1191.8,92.3,2121,,HAZARIBAGH,
Jharkhand,Hazaribagh,IMD110-P2119,1978,7.7,41.5,30.4,14.4,15.9,248.8,232.0,335.0,356.6,245.2,8.5,13.2,1549.2,49.3,60.7,1172.5,266.8,2121,,HAZARIBAGH,
Jharkhand,Hazaribagh,IMD110-P2119,1979,23.2,32.1,7.3,10.1,1.6,104.7,315.9,166.1,97.6,35.6,17.8,4.3,816.3,55.3,19.0,684.3,57.6,2121,,HAZARIBAGH,
Jharkhand,Hazaribagh,IMD110-P2119,1980,14.0,22.8,22.5,8.7,20.1,336.1,302.6,364.8,219.0,73.7,0.0,2.1,1386.4,36.7,51.3,1222.6,75.9,2121,,HAZARIBAGH,
Jharkhand,Hazaribagh,IMD110-P2119,1981,31.4,9.4,18.3,21.0,44.4,122.3,324.8,176.0,109.1,0.0,0.0,9.2,866.0,40.8,83.8,732.2,9.2,2121,,HAZARIBAGH,
Jharkhand,Hazaribagh,IMD110-P2119,1982,4.9,20.0,84.1,21.7,53.9,138.8,182.6,296.8,122.4,69.8,9.3,4.5,1008.8,24.9,159.8,740.5,83.6,2121,,HAZARIBAGH,
Jharkhand,Hazaribagh,IMD110-P2119,1983,3.4,9.0,3.9,44.0,86.9,146.4,383.2,187.0,259.5,127.4,0.0,17.9,1268.6,12.4,134.8,976.1,145.4,2121,,HAZARIBAGH,
Jharkhand,Hazaribagh,IMD110-P2119,1984,33.2,47.9,0.0,7.9,24.6,530.9,300.2,372.1,132.4,49.6,0.0,0.0,1498.9,81.2,32.5,1335.6,49.6,2121,,HAZARIBAGH,
Jharkhand,Hazaribagh,IMD110-P2119,1985,6.1,3.0,0.0,2.7,13.5,159.0,386.3,257.6,230.5,160.4,0.0,0.0,1219.2,9.1,16.3,1033.3,160.4,2121,,HAZARIBAGH,
Jharkhand,Hazaribagh,IMD110-P2119,1986,4.4,24.5,0.4,16.9,52.5,371.3,446.2,223.6,171.8,114.3,24.0,60.1,1510.0,28.9,69.8,1212.9,198.4,2121,,HAZARIBAGH,
Jharkhand,Hazaribagh,IMD110-P2119,1987,0.4,6.8,2.6,27.0,35.0,90.4,446.7,457.9,355.4,36.9,42.7,7.3,1509.1,7.2,64.6,1350.5,86.9,2121,,HAZARIBAGH,
Jharkhand,Hazaribagh,IMD110-P2119,1988,2.2,43.6,51.1,4.4,6.5,246.4,191.5,296.7,126.9,56.7,0.0,0.0,1026.0,45.8,62.0,861.5,56.7,2121,,HAZARIBAGH,
Jharkhand,Hazaribagh,IMD110-P2119,1989,1.1,0.0,6.2,0.3,58.4,228.5,387.8,170.7,194.5,38.7,8.6,27.8,1122.6,1.1,64.9,981.6,75.0,2121,,HAZARIBAGH,
Jharkhand,Hazaribagh,IMD110-P2119,1990,0.0,52.8,10.7,13.5,95.9,200.4,564.8,254.2,237.1,105.7,0.6,0.0,1535.8,52.8,120.1,1256.6,106.3,2121,,HAZARIBAGH,
Jharkhand,Hazaribagh,IMD110-P2119,1991,14.0,9.3,26.4,11.0,46.5,218.6,367.9,462.4,317.8,40.9,0.0,34.6,1549.2,23.2,83.9,1366.6,75.5,2121,,HAZARIBAGH,
Jharkhand,Hazaribagh,IMD110-P2119,1992,0.0,1.5,0.0,10.1,49.3,159.8,249.1,294.6,99.2,18.7,0.5,0.0,882.8,1.5,59.4,802.7,19.1,2121,,HAZARIBAGH,
Jharkhand,Hazaribagh,IMD110-P2119,1993,0.0,0.1,8.0,3.9,34.4,144.1,187.5,181.9,459.4,42.9,9.5,0.0,1071.8,0.1,46.3,973.0,52.4,2121,,HAZARIBAGH,
Jharkhand,Hazaribagh,IMD110-P2119,1994,20.8,23.3,0.0,13.0,7.4,316.6,420.6,365.8,137.1,197.2,0.0,0.0,1501.9,44.1,20.5,1240.1,197.2,2121,,HAZARIBAGH,
Jharkhand,Hazaribagh,IMD110-P2119,1995,6.7,7.4,13.6,0.0,9.9,63.7,320.1,252.1,384.2,25.5,83.6,19.1,1186.1,14.2,23.5,1020.1,128.3,2121,,HAZARIBAGH,
Jharkhand,Hazaribagh,IMD110-P2119,1996,26.5,29.4,0.4,3.3,8.4,243.8,188.8,400.2,185.9,20.5,0.0,0.0,1107.1,55.9,12.1,1018.6,20.5,2121,,HAZARIBAGH,
Jharkhand,Hazaribagh,IMD110-P2119,1997,10.2,2.0,1.3,11.4,18.4,190.3,402.0,391.9,212.7,48.1,40.5,25.1,1353.8,12.2,31.1,1196.9,113.7,2121,,HAZARIBAGH,
Jharkhand,Hazaribagh,IMD110-P2119,1998,41.8,30.6,46.2,20.0,40.6,136.8,252.5,260.3,251.6,126.3,5.1,0.0,1211.9,72.4,106.9,901.2,131.5,2121,,HAZARIBAGH,
Jharkhand,Hazaribagh,IMD110-P2119,1999,0.0,0.0,0.0,0.0,66.8,246.4,420.4,348.6,208.1,121.1,5.3,0.0,1416.8,0.0,66.8,1223.5,126.5,2121,,HAZARIBAGH,
Jharkhand,Hazaribagh,IMD110-P2119,2000,1.2,26.7,17.0,13.6,44.0,160.4,280.8,196.3,289.9,9.5,0.0,0.0,1039.5,27.9,74.5,927.5,9.5,2121,,HAZARIBAGH,
Jharkhand,Hazaribagh,IMD110-P2119,2001,2.0,7.5,25.8,3.2,22.1,464.8,313.0,246.2,129.3,111.8,0.0,0.0,1325.6,9.5,51.0,1153.3,111.8,2121,,HAZARIBAGH,
Jharkhand,Hazaribagh,IMD110-P2119,2002,3.7,10.6,3.3,9.8,16.3,140.7,178.1,166.9,261.6,70.5,1.8,0.0,863.3,14.3,29.4,747.3,72.3,2122,,HAZARIBAGH,
Jharkhand,Hazaribagh,IMD110-P2119,2003,1.3,19.2,14.6,12.8,10.9,195.8,271.9,187.0,249.3,287.4,7.1,1.4,1258.9,20.5,38.4,904.0,295.9,2122,,HAZARIBAGH,
Jharkhand,Hazaribagh,IMD110-P2119,2004,8.6,4.1,0.2,67.4,28.0,192.8,172.6,304.1,302.8,167.0,0.0,1.7,1249.3,12.7,95.6,972.3,168.7,2122,,HAZARIBAGH,
Jharkhand,Hazaribagh,IMD110-P2119,2005,33.5,24.7,9.9,5.1,2.8,96.5,304.3,299.7,202.0,40.4,0.0,0.0,1019.0,58.2,17.9,902.5,40.4,2122,,HAZARIBAGH,
Jharkhand,Hazaribagh,IMD110-P2119,2006,0.0,0.0,22.3,9.8,89.6,251.7,346.1,231.4,249.5,12.0,0.0,0.0,1212.3,0.0,121.7,1078.7,12.0,2122,,HAZARIBAGH,
Jharkhand,Hazaribagh,IMD110-P2119,2007,0.0,83.8,19.7,25.3,94.0,86.5,537.1,375.1,393.3,59.2,0.0,0.0,1674.0,83.8,139.0,1392.0,59.2,2122,,HAZARIBAGH,
Jharkhand,Hazaribagh,IMD110-P2119,2008,42.8,1.3,2.0,2.2,17.1,512.6,422.4,376.3,150.1,17.3,2.4,0.0,1546.5,44.0,21.4,1461.4,19.6,2122,,HAZARIBAGH,
Jharkhand,Hazaribagh,IMD110-P2119,2009,5.1,0.0,0.0,0.0,99.5,34.0,187.1,176.8,330.9,62.4,3.0,0.0,898.9,5.1,99.5,728.8,65.4,2122,,HAZARIBAGH,
Jharkhand,Hazaribagh,IMD110-P2119,2010,0.0,0.0,0.0,0.0,16.4,113.1,126.2,191.8,133.5,64.7,0.0,36.9,682.6,0.0,16.4,564.7,101.6,2122,,HAZARIBAGH,
Jharkhand,Jamtara,IMD110-P2123,1901,33.6,38.9,10.9,46.5,,,253.8,,160.5,25.9,16.5,0.0,,72.5,,,42.4,2123,missing_months,JAMTARA,
Jharkhand,Jamtara,IMD110-P2123,1902,0.0,0.8,45.7,42.1,28.8,172.8,529.7,228.4,319.2,16.0,3.6,0.0,1387.1,0.8,116.6,1250.1,19.6,2123,,JAMTARA,
Jharkhand,Jamtara,IMD110-P2123,1903,21.3,42.7,32.3,47.8,47.5,105.1,120.5,338.1,154.4,133.0,0.3,0.0,1043.0,64.0,127.6,718.1,133.3,2123,,JAMTARA,
Jharkhand,Jamtara,IMD110-P2123,1904,0.0,3.8,16.3,10.9,101.9,277.8,704.1,326.1,119.9,3.5,0.0,0.0,1564.3,3.8,129.1,1427.9,3.5,2123,,JAMTARA,
Jharkhand,Jamtara,IMD110-P2123,1905,15.8,63.6,101.9,14.8,67.1,87.9,481.3,344.3,273.9,7.6,0.0,1.5,1459.7,79.4,183.8,1187.4,9.1,2123,,JAMTARA,
Jharkhand,Jamtara,IMD110-P2123,1906,37.3,119.4,37.4,0.0,26.7,123.3,208.1,297.5,145.6,215.8,0.8,0.0,1211.9,156.7,64.1,774.5,216.6,2123,,JAMTARA,
Jharkhand,Jamtara,IMD110-P2123,1907,1.3,41.9,155.1,35.3,135.1,215.7,211.2,291.3,263.3,1.8,0.0,5.3,1357.3,43.2,325.5,981.5,7.1,2123,,JAMTARA,
Jharkhand,Jamtara,IMD110-P2123,1908,16.3,11.5,10.7,4.9,77.5,300.4,282.4,,177.2,,0.0,0.0,,27.8,93.1,,,2123,missing_months,JAMTARA,
Jharkhand,Jamtara,IMD110-P2123,1909,23.8,7.1,0.0,46.5,51.9,328.5,185.6,591.0,169.2,88.4,0.0,4.7,1496.7,30.9,98.4,1274.3,93.1,2123,,JAMTARA,
Jharkhand,Jamtara,IMD110-P2123,1910,0.3,6.6,0.6,10.9,9.9,319.6,344.1,319.9,206.2,67.2,0.0,0.0,1285.3,6.9,21.4,1189.8,67.2,2123,,JAMTARA,
Jharkhand,Jamtara,IMD110-P2123,1911,0.0,0.0,16.7,26.9,33.6,535.3,121.8,311.4,210.9,34.6,31.4,0.0,1322.6,0.0,77.2,1179.4,66.0,2123,,JAMTARA,
Jharkhand,Jamtara,IMD110-P2123,1912,1.3,4.0,8.6,40.9,57.2,171.7,284.2,262.2,100.4,15.5,82.8,0.0,1028.8,5.3,106.7,818.5,98.3,2123,,JAMTARA,
Jharkhand,Jamtara,IMD110-P2123,1913,0.0,49.6,40.7,0.0,82.8,521.2,280.4,441.8,163.6,180.7,45.7,19.6,1826.1,49.6,123.5,1407.0,246.0,2123,,JAMTARA,
Jharkhand,Jamtara,IMD110-P2123,1914,0.0,8.9,21.0,30.5,189.9,210.7,454.3,351.6,177.4,10.6,0.0,2.5,1457.4,8.9,241.4,1194.0,13.1,2123,,JAMTARA,
Jharkhand,Jamtara,IMD110-P2123,1915,3.6,21.8,81.5,22.0,95.8,242.1,208.3,224.7,174.8,93.7,10.1,0.0,1178.4,25.4,199.3,849.9,103.8,2123,,JAMTARA,
Jharkhand,Jamtara,IMD110-P2123,1916,0.0,8.4,0.0,30.5,2.8,312.8,235.6,249.4,469.1,302.3,18.3,0.0,1629.2,8.4,33.3,1266.9,320.6,2123,,JAMTARA,
Jharkhand,Jamtara,IMD110-P2123,1917,0.0,22.4,9.9,14.7,143.0,406.7,340.2,281.7,349.1,349.5,0.0,0.0,1917.2,22.4,167.6,1377.7,349.5,2123,,JAMTARA,
Jharkhand,Jamtara,IMD110-P2123,1918,0.0,6.4,7.7,7.6,82.8,323.5,,376.1,147.3,0.0,0.0,,,6.4,98.1,,,2123,missing_months,JAMTARA,
Jharkhand,Jamtara,IMD110-P2123,1919,99.1,15.3,3.8,28.9,59.7,341.7,250.4,387.4,279.4,144.7,0.5,0.0,1610.9,114.4,92.4,1258.9,145.2,2123,,JAMTARA,
Jharkhand,Jamtara,IMD110-P2123,1920,0.0,18.1,146.0,8.1,67.6,119.6,392.7,297.6,273.8,17.8,0.0,0.0,1341.3,18.1,221.7,1083.7,17.8,2123,,JAMTARA,
Jharkhand,Jamtara,IMD110-P2123,1921,41.4,8.6,0.0,29.2,26.2,256.4,315.0,348.2,185.1,14.2,0.0,0.0,1224.3,50.0,55.4,1104.7,14.2,2123,,JAMTARA,
Jharkhand,Jamtara,IMD110-P2123,1922,8.6,13.2,0.0,19.3,19.5,418.8,327.3,373.4,160.5,122.2,0.0,3.3,1466.1,21.8,38.8,1280.0,125.5,2123,,JAMTARA,
Jharkhand,Jamtara,IMD110-P2123,1923,0.0,92.3,0.0,3.8,35.6,195.7,392.7,398.2,72.9,70.9,8.6,0.0,1270.7,92.3,39.4,1059.5,79.5,2123,,JAMTARA,
Jharkhand,Jamtara,IMD110-P2123,1924,0.0,0.0,0.8,8.1,7.4,357.6,418.3,297.1,319.2,77.3,76.9,0.0,1562.7,0.0,16.3,1392.2,154.2,2123,,JAMTARA,
Jharkhand,Jamtara,IMD110-P2123,1925,6.1,36.6,39.4,15.5,127.8,76.5,414.5,128.0,81.4,92.3,0.0,0.0,1018.1,42.7,182.7,700.4,92.3,2123,,JAMTARA,
Jharkhand,Jamtara,IMD110-P2123,1926,30.5,0.3,28.6,14.6,26.2,70.9,537.7,245.7,262.9,11.7,0.0,21.0,1249.9,30.8,69.4,1117.1,32.7,2123,,JAMTARA,
Jharkhand,Jamtara,IMD110-P2123,1927,42.7,115.5,23.3,0.0,79.4,212.5,287.8,172.3,229.1,76.1,0.5,0.0,1239.1,158.1,102.7,901.6,76.6,2123,,JAMTARA,
Jharkhand,Jamtara,IMD110-P2123,1928,30.6,4.2,0.0,24.5,68.4,546.0,460.0,281.3,86.8,259.5,0.0,0.0,1761.3,34.8,92.9,1374.1,259.5,2123,,JAMTARA,
Jharkhand,Jamtara,IMD110-P2123,1929,14.6,9.1,22.4,11.9,38.9,206.3,410.3,470.5,130.6,325.5,0.0,29.1,1669.2,23.8,73.3,1217.7,354.6,2123,,JAMTARA,
Jharkhand,Jamtara,IMD110-P2123,1930,1.0,5.9,22.8,16.4,53.6,131.2,320.3,254.6,239.9,87.0,146.3,0.0,1278.9,6.9,92.8,945.9,233.3,2123,,JAMTARA,
Jharkhand,Jamtara,IMD110-P2123,1931,7.3,62.0,39.3,11.0,51.5,115.4,510.5,355.4,271.2,70.0,26.9,0.3,1520.8,69.3,101.8,1252.5,97.2,2123,,JAMTARA,
Jharkhand,Jamtara,IMD110-P2123,1932,0.0,29.7,0.0,26.9,43.5,66.4,304.4,274.4,141.4,76.4,14.6,2.7,980.3,29.7,70.3,786.6,93.6,2123,,JAMTARA,
Jharkhand,Jamtara,IMD110-P2123,1933,23.9,28.3,1.3,69.2,82.8,272.6,429.9,395.7,146.6,56.7,0.0,0.0,1507.0,52.3,153.3,1244.8,56.7,2123,,JAMTARA,
Jharkhand,Jamtara,IMD110-P2123,1934,12.4,31.6,0.0,6.0,17.1,207.4,239.9,304.4,204.2,30.0,0.4,0.0,1053.3,44.0,23.1,955.8,30.4,2124,,JAMTARA,
Jharkhand,Jamtara,IMD110-P2123,1935,37.6,4.0,4.4,0.4,36.0,146.5,130.3,424.2,200.5,11.2,0.0,0.0,995.0,41.5,40.8,901.5,11.2,2124,,JAMTARA,
Jharkhand,Jamtara,IMD110-P2123,1936,13.1,6.5,5.3,6.5,70.8,255.1,256.2,286.4,318.6,149.3,0.8,9.9,1378.5,19.6,82.7,1116.3,159.9,2124,,JAMTARA,
Jharkhand,Jamtara,IMD110-P2123,1937,0.0,85.5,0.9,12.4,159.3,143.5,235.1,209.3,260.0,136.5,3.5,0.0,1245.9,85.5,172.6,847.9,139.9,2124,,JAMTARA,
Jharkhand,Jamtara,IMD110-P2123,1938,2.3,43.3,0.0,0.0,127.3,158.6,196.5,319.7,233.5,43.3,0.0,0.0,1124.4,45.6,127.3,908.3,43.3,2124,,JAMTARA,
Jharkhand,Jamtara,IMD110-P2123,1939,2.4,34.8,14.7,14.6,33.8,136.1,382.8,398.7,175.1,168.3,0.0,0.0,1361.2,37.3,63.1,1092.6,168.3,2124,,JAMTARA,
Jharkhand,Jamtara,IMD110-P2123,1940,0.0,28.7,54.3,14.2,83.7,90.2,165.3,318.8,84.3,57.0,0.0,11.7,908.1,28.7,152.1,658.5,68.8,2124,,JAMTARA,
Jharkhand,Jamtara,IMD110-P2123,1941,32.0,0.0,6.9,16.5,108.5,225.0,297.5,249.6,156.6,202.5,25.1,0.0,1320.3,32.0,131.9,928.8,227.6,2124,,JAMTARA,
Jharkhand,Jamtara,IMD110-P2123,1942,0.0,38.8,19.5,38.6,41.7,155.0,355.9,466.8,341.7,58.6,2.7,0.0,1519.3,38.8,99.8,1319.4,61.3,2124,,JAMTARA,
Jharkhand,Jamtara,IMD110-P2123,1943,44.4,7.8,0.0,33.6,4.8,193.9,635.4,402.5,231.0,55.3,0.0,0.0,1608.7,52.2,38.4,1462.8,55.3,2124,,JAMTARA,
Jharkhand,Jamtara,IMD110-P2123,1944,26.4,28.6,10.1,35.8,2.9,179.6,454.3,441.1,153.4,30.5,0.0,0.0,1362.9,55.0,48.8,1228.5,30.5,2124,,JAMTARA,
Jharkhand,Jamtara,IMD110-P2123,1945,15.8,25.7,0.0,43.2,89.1,127.8,253.9,360.7,327.0,207.0,0.0,0.0,1450.1,41.5,132.2,1069.4,207.0,2124,,JAMTARA,
Jharkhand,Jamtara,IMD110-P2123,1946,0.0,1.0,4.6,99.8,79.8,365.0,312.1,243.6,440.8,163.9,9.4,0.0,1720.2,1.0,184.3,1361.6,173.3,2124,,JAMTARA,
Jharkhand,Jamtara,IMD110-P2123,1947,0.8,5.1,55.6,0.2,45.8,154.9,361.8,381.8,213.6,69.9,0.0,21.1,1310.4,5.8,101.5,1112.0,91.1,2124,,JAMTARA,
Jharkhand,Jamtara,IMD110-P2123,1948,5.5,13.6,6.9,18.3,68.9,300.5,466.8,350.7,146.6,127.1,108.3,0.0,1613.1,19.1,94.1,1264.5,235.4,2124,,JAMTARA,
Jharkhand,Jamtara,IMD110-P2123,1949,3.0,15.1,31.6,28.3,103.9,272.8,488.4,412.0,190.1,22.1,0.0,0.0,1567.5,18.2,163.9,1363.3,22.1,2124,,JAMTARA,
Jharkhand,Jamtara,IMD110-P2123,1950,0.0,9.7,13.3,0.0,44.3,431.3,339.9,245.7,163.1,8.1,3.2,0.0,1258.7,9.7,57.6,1180.0,11.3,2124,,JAMTARA,
Jharkhand,Jamtara,IMD110-P2123,1951,0.0,0.0,2.5,10.5,40.7,243.7,263.6,246.1,207.6,122.1,15.4,0.0,1152.3,0.0,53.8,961.1,137.4,2124,,JAMTARA,
Jharkhand,Jamtara,IMD110-P2123,1952,0.0,1.1,23.4,38.1,38.3,233.7,331.0,257.5,229.9,145.4,0.6,0.0,1299.2,1.1,99.8,1052.1,146.1,2124,,JAMTARA,
Jharkhand,Jamtara,IMD110-P2123,1953,96.4,13.5,0.0,12.7,82.3,294.3,417.3,267.8,365.0,10.7,41.4,0.0,1601.4,109.9,95.0,1344.4,52.1,2124,,JAMTARA,
Jharkhand,Jamtara,IMD110-P2123,1954,62.7,1.9,0.0,9.6,99.8,247.5,466.7,299.4,337.6,51.5,0.0,27.1,1603.9,64.6,109.5,1351.3,78.6,2124,,JAMTARA,
Jharkhand,Jamtara,IMD110-P2123,1955,23.5,4.4,1.6,20.8,3.9,97.9,442.1,346.9,178.4,67.7,76.8,0.0,1264.2,27.9,26.4,1065.3,144.5,2124,,JAMTARA,
Jharkhand,Jamtara,IMD110-P2123,1956,5.4,53.3,44.5,24.0,157.6,288.0,409.9,474.0,524.8,180.1,13.9,1.9,2177.4,58.8,226.0,1696.6,196.0,2124,,JAMTARA,
Jharkhand,Jamtara,IMD110-P2123,1957,67.0,82.0,18.6,0.0,0.0,296.2,265.4,131.3,185.9,12.9,0.0,0.0,1059.4,149.0,18.6,878.8,12.9,2124,,JAMTARA,
Jharkhand,Jamtara,IMD110-P2123,1958,21.3,4.1,8.9,8.4,18.1,81.0,209.6,289.2,134.6,163.4,0.0,0.0,938.6,25.3,35.3,714.5,163.4,2124,,JAMTARA,
Jharkhand,Jamtara,IMD110-P2123,1959,152.0,1.9,19.5,0.9,27.0,227.0,287.2,634.3,703.5,394.6,0.0,0.0,2447.9,153.9,47.4,1852.0,394.6,2124,,JAMTARA,
Jharkhand,Jamtara,IMD110-P2123,1960,0.0,0.0,30.3,0.0,56.5,93.5,315.3,347.2,202.8,50.5,0.0,0.0,1096.1,0.0,86.8,958.8,50.5,2124,,JAMTARA,
Jharkhand,Jamtara,IMD110-P2123,1961,15.7,117.1,0.0,0.0,45.2,147.6,237.2,348.6,308.8,157.4,0.8,0.0,1378.5,132.8,45.2,1042.2,158.3,2124,,JAMTARA,
Jharkhand,Jamtara,IMD110-P2123,1962,7.9,7.7,0.0,23.4,49.3,138.1,227.1,361.4,155.2,81.9,0.0,0.0,1052.1,15.6,72.7,881.9,81.9,2124,,JAMTARA,
Jharkhand,Jamtara,IMD110-P2123,1963,4.2,3.2,2.7,34.2,111.6,188.4,218.8,113.8,138.5,209.0,18.2,0.0,1042.6,7.4,148.4,659.5,227.2,2124,,JAMTARA,
Jharkhand,Jamtara,IMD110-P2123,1964,3.7,3.4,15.0,42.8,122.8,128.5,318.6,351.2,217.6,17.5,0.0,0.0,1221.1,7.1,180.6,1015.9,17.5,2124,,JAMTARA,
Jharkhand,Jamtara,IMD110-P2123,1965,0.0,13.5,54.3,5.6,2.5,133.1,414.0,310.5,222.8,59.3,0.0,0.0,1215.5,13.5,62.4,1080.3,59.3,2124,,JAMTARA,
Jharkhand,Jamtara,IMD110-P2123,1966,16.2,0.0,0.0,0.0,130.0,259.0,170.6,321.6,68.9,23.9,18.3,6.0,1014.4,16.2,130.0,820.0,48.2,2124,,JAMTARA,
Jharkhand,Jamtara,IMD110-P2123,1967,2.3,9.5,62.3,29.9,37.3,88.6,323.7,504.8,352.1,58.0,0.0,2.7,1471.1,11.8,129.5,1269.2,60.7,2124,,JAMTARA,
Jharkhand,Jamtara,IMD110-P2123,1968,3.0,1.0,4.0,10.0,21.7,459.0,672.8,553.1,133.4,100.1,0.0,0.0,1958.3,4.1,35.7,1818.3,100.1,2125,,JAMTARA,
Jharkhand,Jamtara,IMD110-P2123,1969,0.3,0.1,19.3,15.7,69.7,241.0,239.7,369.8,252.2,33.4,52.8,0.0,1294.0,0.5,104.7,1102.7,86.2,2125,,JAMTARA,
Jharkhand,Jamtara,IMD110-P2123,1970,11.1,4.6,6.8,0.0,20.1,203.2,166.6,343.1,360.9,148.9,1.5,0.0,1266.9,15.8,26.9,1073.8,150.4,2125,,JAMTARA,
Jharkhand,Jamtara,IMD110-P2123,1971,30.1,22.4,0.0,97.0,77.9,210.0,434.9,601.9,391.9,109.5,18.2,0.0,1993.8,52.5,174.9,1638.7,127.7,2125,,JAMTARA,
Jharkhand,Jamtara,IMD110-P2123,1972,25.4,26.8,0.0,0.7,0.0,36.9,266.5,340.2,234.1,47.8,3.2,0.0,981.6,52.2,0.7,877.7,51.0,2125,,JAMTARA,
Jharkhand,Jamtara,IMD110-P2123,1973,3.7,12.6,54.2,3.4,56.8,197.2,151.0,262.0,200.2,191.4,13.2,0.0,1145.7,16.3,114.4,810.4,204.6,2125,,JAMTARA,
Jharkhand,Jamtara,IMD110-P2123,1974,0.5,0.0,12.2,21.1,33.4,57.8,375.6,215.6,311.2,102.3,0.0,0.0,1129.6,0.5,66.6,960.1,102.3,2125,,JAMTARA,
Jharkhand,Jamtara,IMD110-P2123,1975,9.9,7.3,28.3,6.5,27.6,136.1,502.0,187.3,271.2,132.5,0.0,0.0,1308.8,17.2,62.5,1096.6,132.5,2125,,JAMTARA,
Jharkhand,Jamtara,IMD110-P2123,1976,0.0,22.8,1.6,23.7,77.0,110.5,221.1,272.2,157.6,1.2,4.4,0.0,892.1,22.8,102.3,761.5,5.6,2125,,JAMTARA,
Jharkhand,Jamtara,IMD110-P2123,1977,10.6,8.4,0.0,6.5,154.8,307.2,421.3,241.6,228.6,86.4,36.3,15.2,1516.6,18.9,161.3,1198.6,137.8,2125,,JAMTARA,
Jharkhand,Jamtara,IMD110-P2123,1978,0.0,44.9,9.0,19.5,38.4,269.6,269.2,318.0,522.5,181.4,5.0,0.7,1678.2,44.9,66.9,1379.3,187.1,2125,,JAMTARA,
Jharkhand,Jamtara,IMD110-P2123,1979,12.9,42.7,15.3,37.3,0.0,182.4,499.7,241.3,222.6,45.0,15.2,8.4,1322.8,55.6,52.5,1146.1,68.6,2125,,JAMTARA,
Jharkhand,Jamtara,IMD110-P2123,1980,37.9,2.4,58.5,3.0,53.2,231.6,304.6,508.1,225.8,255.5,0.0,0.0,1680.5,40.3,114.7,1270.1,255.5,2125,,JAMTARA,
Jharkhand,Jamtara,IMD110-P2123,1981,,,,,,204.0,461.4,218.3,,0.0,,,,,,,,2125,missing_months,JAMTARA,
Jharkhand,Jamtara,IMD110-P2123,1982,,,130.4,20.2,2.8,178.4,187.4,234.0,58.6,35.0,24.8,0.0,,,153.4,658.4,59.8,2125,missing_months,JAMTARA,
Jharkhand,Jamtara,IMD110-P2123,1983,7.0,14.4,49.4,41.2,89.6,182.6,204.2,169.4,225.8,187.4,0.0,10.2,1181.2,21.4,180.2,782.0,197.6,2125,,JAMTARA,
Jharkhand,Jamtara,IMD110-P2123,1984,15.0,20.0,49.4,8.2,27.4,745.8,578.6,480.2,109.8,103.9,0.0,0.0,2138.3,35.0,85.0,1914.4,103.9,2125,,JAMTARA,
Jharkhand,Jamtara,IMD110-P2123,1985,0.0,5.6,16.0,0.0,43.6,62.9,475.8,409.0,83.3,195.4,0.0,0.0,1291.6,5.6,59.6,1031.0,195.4,2125,,JAMTARA,
Jharkhand,Jamtara,IMD110-P2123,1986,0.3,5.8,0.6,25.6,111.1,243.5,293.4,183.0,252.6,210.6,13.1,4.9,1344.4,6.1,137.2,972.5,228.6,2125,,JAMTARA,
Jharkhand,Jamtara,IMD110-P2123,1988,,22.6,,23.0,25.8,,,,193.4,,2.6,0.0,,,,,,2125,missing_months,JAMTARA,
Jharkhand,Jamtara,IMD110-P2123,1989,1.3,1.7,0.0,0.0,83.4,137.1,284.8,209.1,444.6,40.0,12.7,24.4,1238.9,3.0,83.4,1075.5,77.0,2125,,JAMTARA,
Jharkhand,Jamtara,IMD110-P2123,1990,0.0,83.9,54.6,55.7,121.3,276.1,358.8,150.9,255.4,218.5,0.0,0.0,1575.1,83.9,231.6,1041.2,218.5,2125,,JAMTARA,
Jharkhand,Jamtara,IMD110-P2123,1991,16.8,0.6,14.7,0.7,23.0,159.2,272.2,275.2,308.3,49.9,0.0,43.1,1163.9,17.4,38.4,1014.9,93.1,2125,,JAMTARA,
Jharkhand,Jamtara,IMD110-P2123,1992,1.0,25.0,0.0,13.6,75.0,257.6,295.4,256.7,215.0,11.6,0.0,1.8,1152.7,26.0,88.6,1024.7,13.4,2125,,JAMTARA,
Jharkhand,Jamtara,IMD110-P2123,1993,2.1,2.7,21.7,14.9,12.1,257.9,325.5,360.0,454.9,41.4,30.3,0.0,1523.2,4.8,48.7,1398.2,71.6,2125,,JAMTARA,
Jharkhand,Jamtara,IMD110-P2123,1994,15.7,36.7,3.5,79.1,26.0,287.6,377.6,328.5,84.3,164.1,0.0,0.0,1403.0,52.3,108.6,1078.0,164.1,2125,,JAMTARA,
Jharkhand,Jamtara,IMD110-P2123,1995,10.6,11.1,0.0,0.0,27.7,195.6,361.2,319.2,488.0,79.4,0.0,3.2,1495.9,21.6,27.7,1364.0,82.6,2125,,JAMTARA,
Jharkhand,Jamtara,IMD110-P2123,1996,,25.8,6.0,21.1,27.1,247.3,154.0,352.9,87.0,0.0,0.0,0.0,,,54.3,841.1,0.0,2125,missing_months,JAMTARA,
Jharkhand,Jamtara,IMD110-P2123,1997,6.9,0.0,0.0,45.6,43.1,197.4,412.8,357.6,186.8,37.7,87.2,9.2,1384.2,6.9,88.7,1154.6,134.0,2125,,JAMTARA,
Jharkhand,Jamtara,IMD110-P2123,1998,22.9,4.8,88.9,36.2,43.6,101.4,306.5,379.9,267.7,196.7,18.4,0.0,1467.0,27.8,168.7,1055.5,215.0,2125,,JAMTARA,
Jharkhand,Jamtara,IMD110-P2123,1999,0.0,0.0,0.0,0.0,150.7,303.2,563.3,387.1,506.8,172.9,0.0,0.0,2084.0,0.0,150.7,1760.4,172.9,2125,,JAMTARA,
Jharkhand,Jamtara,IMD110-P2123,2000,2.7,57.2,3.5,46.0,135.2,208.2,,,,,,,,59.9,184.7,,,2125,missing_months,JAMTARA,
Jharkhand,Jamtara,IMD110-P2123,2001,0.0,0.0,8.3,1.4,147.9,391.1,169.1,223.5,171.0,209.6,0.0,0.0,1321.8,0.0,157.5,954.7,209.6,2125,,JAMTARA,
Jharkhand,Jamtara,IMD110-P2123,2002,8.1,5.9,5.2,40.1,87.0,246.5,288.4,248.0,267.9,90.6,0.6,0.0,1288.3,14.1,132.2,1050.7,91.3,2125,,JAMTARA,
Jharkhand,Jamtara,IMD110-P2123,2003,1.2,43.7,27.3,42.5,30.8,194.1,220.9,282.1,164.0,145.8,0.0,0.0,1152.5,44.9,100.7,861.2,145.8,2126,,JAMTARA,
Jharkhand,Jamtara,IMD110-P2123,2004,10.2,0.0,0.0,47.0,71.5,281.3,208.0,238.8,180.2,216.2,0.0,0.0,1253.3,10.2,118.6,908.3,216.2,2126,,JAMTARA,
Jharkhand,Jamtara,IMD110-P2123,2005,36.1,27.5,38.7,16.1,63.5,226.5,460.9,96.4,62.5,238.0,0.0,,,63.6,118.3,846.2,,2126,missing_months,JAMTARA,
Jharkhand,Jamtara,IMD110-P2123,2006,6.9,,,10.8,,205.4,615.5,255.7,366.9,3.1,1.1,,,,,1443.4,,2126,missing_months,JAMTARA,
Jharkhand,Jamtara,IMD110-P2123,2007,0.0,53.9,17.0,42.2,81.2,144.8,584.8,436.1,392.6,63.7,0.9,0.0,1817.2,53.9,140.4,1558.3,64.6,2126,,JAMTARA,
Jharkhand,Jamtara,IMD110-P2123,2008,7.8,0.0,1.2,33.0,40.9,239.1,605.6,308.3,167.8,18.7,0.0,0.0,1422.3,7.8,75.1,1320.7,18.7,2126,,JAMTARA,
Jharkhand,Jamtara,IMD110-P2123,2009,0.0,0.8,0.0,0.3,87.1,66.9,175.5,231.9,230.1,71.4,,,,0.8,87.5,704.5,,2126,missing_months,JAMTARA,
Jharkhand,Jamtara,IMD110-P2123,2010,0.0,5.7,0.6,3.8,52.2,131.7,171.5,121.0,119.5,78.4,0.0,5.0,689.5,5.7,56.7,543.8,83.4,2126,,JAMTARA,
Jharkhand,Khunti,IMD110-P2127,1906,,,,,,,,,,108.9,30.0,1.8,,,,,140.7,2127,missing_months,KHUNTI,
Jharkhand,Khunti,IMD110-P2127,1907,,51.6,106.7,8.7,6.3,393.3,152.6,485.9,139.1,0.0,0.0,25.4,,,121.7,1170.9,25.4,2127,missing_months,KHUNTI,
Jharkhand,Khunti,IMD110-P2127,1908,20.3,29.3,0.0,0.0,23.1,,340.6,,257.9,24.1,0.0,0.0,,49.6,23.1,,24.1,2127,missing_months,KHUNTI,
Jharkhand,Khunti,IMD110-P2127,1909,31.4,17.2,2.5,66.1,19.5,388.9,,,280.2,17.3,0.0,,,48.6,88.1,,,2127,missing_months,KHUNTI,
Jharkhand,Khunti,IMD110-P2127,1910,64.0,6.6,0.0,32.5,30.2,303.6,324.9,358.9,208.4,,0.0,0.0,,70.6,62.7,1195.8,,2127,missing_months,KHUNTI,
Jharkhand,Khunti,IMD110-P2127,1911,0.0,0.0,35.4,1.5,29.1,390.9,362.9,701.3,491.4,75.4,49.7,0.0,2137.6,0.0,66.0,1946.5,125.1,2127,,KHUNTI,
Jharkhand,Khunti,IMD110-P2127,1912,3.8,55.6,19.8,78.0,48.3,149.8,354.3,459.8,170.0,37.5,45.9,0.0,1422.8,59.4,146.1,1133.9,83.4,2127,,KHUNTI,
Jharkhand,Khunti,IMD110-P2127,1913,0.0,195.1,53.3,0.0,50.9,431.3,460.1,548.6,157.4,40.1,20.3,20.3,1977.4,195.1,104.2,1597.4,80.7,2127,,KHUNTI,
Jharkhand,Khunti,IMD110-P2127,1914,0.0,,24.4,14.5,150.1,112.1,306.4,367.8,266.5,10.7,0.0,23.4,,,189.0,1052.8,34.1,2127,missing_months,KHUNTI,
Jharkhand,Khunti,IMD110-P2127,1915,14.0,43.1,95.2,30.5,81.8,257.0,349.4,335.6,273.5,93.0,47.8,0.0,1620.9,57.1,207.5,1215.5,140.8,2127,,KHUNTI,
Jharkhand,Khunti,IMD110-P2127,1916,0.0,12.2,0.5,31.3,40.4,336.7,147.6,474.5,150.9,318.0,9.4,0.0,1521.5,12.2,72.2,1109.7,327.4,2127,,KHUNTI,
Jharkhand,Khunti,IMD110-P2127,1917,1.8,50.3,27.7,23.4,123.1,314.2,732.0,507.6,260.6,428.4,0.0,0.0,2469.1,52.1,174.2,1814.4,428.4,2127,,KHUNTI,
Jharkhand,Khunti,IMD110-P2127,1918,11.0,33.5,4.5,19.9,122.0,569.7,229.9,449.3,249.6,0.0,0.0,1.8,1691.2,44.5,146.4,1498.5,1.8,2127,,KHUNTI,
Jharkhand,Khunti,IMD110-P2127,1919,105.4,9.9,41.3,12.0,92.2,367.6,550.9,602.7,286.5,66.0,0.0,0.0,2134.5,115.3,145.5,1807.7,66.0,2127,,KHUNTI,
Jharkhand,Khunti,IMD110-P2127,1920,0.0,18.3,64.0,8.2,32.8,92.3,631.5,546.2,138.8,4.0,0.0,0.0,1536.1,18.3,105.0,1408.8,4.0,2127,,KHUNTI,
Jharkhand,Khunti,IMD110-P2127,1921,36.1,31.8,0.0,37.0,11.4,290.9,320.4,535.0,187.0,23.6,0.0,0.0,1473.2,67.9,48.4,1333.3,23.6,2127,,KHUNTI,
Jharkhand,Khunti,IMD110-P2127,1922,2.3,21.1,0.0,6.4,21.9,242.0,412.4,480.9,149.4,75.1,5.0,1.3,1417.8,23.4,28.3,1284.7,81.4,2127,,KHUNTI,
Jharkhand,Khunti,IMD110-P2127,1923,0.0,93.5,3.3,,9.9,87.9,430.8,841.6,136.5,98.5,29.2,0.0,,93.5,,1496.8,127.7,2127,missing_months,KHUNTI,
Jharkhand,Khunti,IMD110-P2127,1924,66.0,41.2,0.0,21.6,5.8,110.1,459.6,340.8,392.9,140.0,94.8,0.0,1672.8,107.2,27.4,1303.4,234.8,2127,,KHUNTI,
Jharkhand,Khunti,IMD110-P2127,1925,0.0,0.0,0.0,67.1,87.7,330.4,550.2,286.8,98.1,61.3,41.9,0.0,1523.5,0.0,154.8,1265.5,103.2,2127,,KHUNTI,
Jharkhand,Khunti,IMD110-P2127,1926,45.5,6.4,150.2,8.9,51.9,60.9,586.9,428.8,297.5,65.8,4.8,11.4,1719.0,51.9,211.0,1374.1,82.0,2127,,KHUNTI,
Jharkhand,Khunti,IMD110-P2127,1927,33.8,147.9,27.7,3.0,17.2,87.2,634.4,411.6,269.6,105.8,0.0,0.0,1738.2,181.7,47.9,1402.8,105.8,2127,,KHUNTI,
Jharkhand,Khunti,IMD110-P2127,1928,84.3,1.8,0.8,,56.3,266.2,497.2,229.3,206.2,260.2,0.0,3.6,,86.1,,1198.9,263.8,2127,missing_months,KHUNTI,
Jharkhand,Khunti,IMD110-P2127,1929,111.9,56.1,15.2,12.2,8.6,128.9,727.5,671.6,88.7,167.8,0.0,87.4,2075.9,168.0,36.0,1616.7,255.2,2127,,KHUNTI,
Jharkhand,Khunti,IMD110-P2127,1930,0.0,8.1,9.7,16.0,18.5,74.8,757.0,508.8,362.4,134.1,187.8,0.0,2077.2,8.1,44.2,1703.0,321.9,2127,,KHUNTI,
Jharkhand,Khunti,IMD110-P2127,1931,12.0,135.4,13.2,1.0,68.7,189.0,411.4,423.4,176.9,249.6,44.9,0.0,1725.5,147.4,82.9,1200.7,294.5,2127,,KHUNTI,
Jharkhand,Khunti,IMD110-P2127,1932,0.0,32.5,5.2,28.0,53.5,103.9,457.8,439.7,303.1,100.5,45.5,0.0,1569.7,32.5,86.7,1304.5,146.0,2127,,KHUNTI,
Jharkhand,Khunti,IMD110-P2127,1933,50.3,105.8,20.0,31.8,116.2,298.2,370.1,454.8,345.4,144.5,9.4,16.3,1962.8,156.1,168.0,1468.5,170.2,2127,,KHUNTI,
Jharkhand,Khunti,IMD110-P2127,1934,5.3,0.0,0.0,11.9,14.7,166.8,255.4,485.0,218.6,94.7,21.4,2.8,1276.6,5.3,26.6,1125.8,118.9,2127,,KHUNTI,
Jharkhand,Khunti,IMD110-P2127,1935,37.3,35.8,26.2,45.3,0.5,95.9,299.2,474.5,178.7,0.0,0.0,0.0,1193.4,73.1,72.0,1048.3,0.0,2127,,KHUNTI,
Jharkhand,Khunti,IMD110-P2127,1936,6.9,43.9,11.4,0.3,55.8,455.1,464.2,395.7,488.0,134.2,26.4,9.4,2091.3,50.8,67.5,1803.0,170.0,2127,,KHUNTI,
Jharkhand,Khunti,IMD110-P2127,1937,0.0,74.5,8.6,24.2,52.0,213.9,386.7,236.1,262.7,146.6,0.0,0.0,1405.3,74.5,84.8,1099.4,146.6,2127,,KHUNTI,
Jharkhand,Khunti,IMD110-P2127,1938,34.1,45.4,0.0,0.0,71.9,188.9,155.3,229.2,244.1,46.6,5.6,0.0,1021.1,79.5,71.9,817.5,52.2,2127,,KHUNTI,
Jharkhand,Khunti,IMD110-P2127,1939,14.3,70.6,104.8,22.3,13.2,180.0,254.1,382.8,241.1,214.7,0.0,0.0,1497.9,84.9,140.3,1058.0,214.7,2128,,KHUNTI,
Jharkhand,Khunti,IMD110-P2127,1940,3.0,27.1,133.4,16.2,39.6,193.7,543.3,500.0,55.0,23.4,0.0,15.7,1550.4,30.1,189.2,1292.0,39.1,2128,,KHUNTI,
Jharkhand,Khunti,IMD110-P2127,1941,27.9,3.3,3.0,3.3,33.6,423.9,559.1,290.0,147.8,183.8,51.3,0.0,1727.0,31.2,39.9,1420.8,235.1,2128,,KHUNTI,
Jharkhand,Khunti,IMD110-P2127,1942,8.6,86.7,7.1,19.4,34.0,130.5,545.8,438.7,335.9,27.6,7.1,0.0,1641.4,95.3,60.5,1450.9,34.7,2128,,KHUNTI,
Jharkhand,Khunti,IMD110-P2127,1943,90.3,13.7,0.0,10.1,30.3,110.8,415.3,441.3,246.8,128.3,0.0,0.0,1486.9,104.0,40.4,1214.2,128.3,2128,,KHUNTI,
Jharkhand,Khunti,IMD110-P2127,1944,47.2,97.7,42.8,16.0,1.3,169.4,365.5,348.3,213.9,103.2,12.4,0.0,1417.7,144.9,60.1,1097.1,115.6,2128,,KHUNTI,
Jharkhand,Khunti,IMD110-P2127,1945,,31.7,0.0,4.9,62.0,205.4,240.2,362.7,321.0,,11.7,3.6,,,66.9,1129.3,,2128,missing_months,KHUNTI,
Jharkhand,Khunti,IMD110-P2127,1946,0.0,13.6,31.3,31.2,79.6,332.9,268.8,332.7,128.7,74.0,60.8,0.0,1353.6,13.6,142.1,1063.1,134.8,2128,,KHUNTI,
Jharkhand,Khunti,IMD110-P2127,1947,23.6,17.6,26.5,0.0,18.6,238.4,255.3,304.7,280.7,102.0,6.4,13.0,1286.8,41.2,45.1,1079.1,121.4,2128,,KHUNTI,
Jharkhand,Khunti,IMD110-P2127,1948,22.4,3.0,28.3,1.8,62.9,183.8,731.6,267.2,165.6,88.9,135.4,,,25.4,93.0,1348.2,,2128,missing_months,KHUNTI,
Jharkhand,Khunti,IMD110-P2127,1949,6.4,28.5,9.1,,49.3,150.0,440.2,391.9,161.0,85.5,0.0,,,34.9,,1143.1,,2128,missing_months,KHUNTI,
Jharkhand,Khunti,IMD110-P2127,1950,,0.0,42.2,0.0,,265.7,370.5,369.7,,26.2,6.8,0.0,,,,,33.0,2128,missing_months,KHUNTI,
Jharkhand,Khunti,IMD110-P2127,1951,5.1,0.0,58.0,14.3,14.4,176.7,322.6,334.5,192.1,72.1,3.8,0.0,1193.6,5.1,86.7,1025.9,75.9,2128,,KHUNTI,
Jharkhand,Khunti,IMD110-P2127,1952,2.8,18.2,29.5,22.6,55.4,196.9,312.9,437.4,214.9,117.4,0.0,0.0,1408.0,21.0,107.5,1162.1,117.4,2128,,KHUNTI,
Jharkhand,Khunti,IMD110-P2127,1953,4.8,3.3,0.0,0.0,3.5,223.3,300.4,396.1,239.9,57.9,28.3,0.0,1257.5,8.1,3.5,1159.7,86.2,2128,,KHUNTI,
Jharkhand,Khunti,IMD110-P2127,1954,13.2,7.4,6.4,1.8,22.1,98.7,286.4,293.6,174.3,10.9,0.0,3.8,918.6,20.6,30.3,853.0,14.7,2128,,KHUNTI,
Jharkhand,Khunti,IMD110-P2127,1955,17.8,12.7,6.9,0.0,30.0,270.0,293.9,249.0,163.8,130.5,19.0,0.0,1193.6,30.5,36.9,976.7,149.5,2128,,KHUNTI,
Jharkhand,Khunti,IMD110-P2127,1956,5.5,28.2,152.0,0.0,26.2,193.6,313.7,303.2,164.4,87.1,19.6,0.5,1294.0,33.7,178.2,974.9,107.2,2128,,KHUNTI,
Jharkhand,Khunti,IMD110-P2127,1957,29.4,67.1,5.9,9.7,18.5,101.7,355.1,157.3,244.0,19.8,0.0,2.5,1011.0,96.5,34.1,858.1,22.3,2128,,KHUNTI,
Jharkhand,Khunti,IMD110-P2127,1958,5.6,88.6,44.3,11.7,0.0,88.0,227.5,308.8,377.5,78.5,0.2,0.0,1230.7,94.2,56.0,1001.8,78.7,2128,,KHUNTI,
Jharkhand,Khunti,IMD110-P2127,1959,80.6,0.0,0.0,4.5,84.1,195.5,345.4,249.8,375.8,124.8,0.0,0.0,1460.4,80.6,88.6,1166.5,124.8,2128,,KHUNTI,
Jharkhand,Khunti,IMD110-P2127,1960,27.0,0.0,17.8,2.0,59.0,99.8,378.8,500.8,242.6,37.2,,,,27.0,78.8,1222.0,,2128,missing_months,KHUNTI,
Jharkhand,Khunti,IMD110-P2127,1961,0.0,33.9,0.0,14.3,0.4,307.5,338.6,333.9,349.2,173.8,5.3,20.3,1577.2,33.9,14.6,1329.2,199.4,2128,,KHUNTI,
Jharkhand,Khunti,IMD110-P2127,1962,12.5,0.0,0.0,31.1,32.4,330.3,241.7,297.0,194.0,15.5,0.0,15.8,1170.3,12.5,63.5,1063.0,31.3,2128,,KHUNTI,
Jharkhand,Khunti,IMD110-P2127,1963,0.0,29.3,23.8,30.4,98.6,212.6,366.8,445.8,284.8,216.9,13.4,0.0,1722.3,29.3,152.8,1309.9,230.3,2128,,KHUNTI,
Jharkhand,Khunti,IMD110-P2127,1964,0.0,13.1,8.8,2.3,81.1,395.9,427.5,322.5,172.9,37.6,0.0,0.0,1461.8,13.1,92.2,1318.8,37.6,2128,,KHUNTI,
Jharkhand,Khunti,IMD110-P2127,1965,0.9,11.3,28.8,14.9,21.6,146.7,450.2,244.9,141.7,70.4,0.0,0.0,1131.4,12.3,65.3,983.5,70.4,2128,,KHUNTI,
Jharkhand,Khunti,IMD110-P2127,1966,58.5,15.1,0.0,42.5,29.2,379.4,245.1,358.0,143.4,63.7,13.9,13.8,1362.8,73.6,71.7,1126.0,91.5,2128,,KHUNTI,
Jharkhand,Khunti,IMD110-P2127,1967,19.4,0.0,43.3,3.0,134.4,69.6,347.3,544.5,290.3,23.2,0.7,23.0,1498.7,19.4,180.7,1251.7,46.9,2128,,KHUNTI,
Jharkhand,Khunti,IMD110-P2127,1968,43.2,13.8,0.0,0.5,15.0,263.5,406.5,562.1,106.2,64.4,17.0,5.4,1497.5,57.1,15.5,1338.3,86.7,2128,,KHUNTI,
Jharkhand,Khunti,IMD110-P2127,1969,9.2,10.2,0.7,53.9,85.5,97.3,311.2,464.6,245.3,17.2,17.7,0.0,1312.8,19.3,140.1,1118.5,34.9,2128,,KHUNTI,
Jharkhand,Khunti,IMD110-P2127,1970,25.0,27.0,43.3,15.6,41.4,247.4,423.1,261.3,486.3,91.2,3.3,0.0,1665.1,52.0,100.3,1418.2,94.5,2128,,KHUNTI,
Jharkhand,Khunti,IMD110-P2127,1975,21.0,16.1,4.0,8.6,46.3,88.9,478.0,349.9,345.6,34.1,0.0,0.0,1392.7,37.2,58.9,1262.5,34.1,2128,,KHUNTI,
Jharkhand,Khunti,IMD110-P2127,1976,0.0,11.7,19.9,14.5,39.0,155.0,410.0,313.1,446.0,0.0,10.4,4.1,1423.6,11.7,73.3,1324.1,14.4,2128,,KHUNTI,
Jharkhand,Khunti,IMD110-P2127,1977,23.9,6.1,2.8,51.4,79.6,257.1,326.0,337.6,267.1,33.5,73.5,15.3,1473.8,29.9,133.8,1187.8,122.3,2129,,KHUNTI,
Jharkhand,Khunti,IMD110-P2127,1978,6.2,49.9,63.3,23.0,11.9,311.7,241.2,416.5,351.4,49.2,8.4,14.7,1547.5,56.1,98.2,1320.8,72.3,2129,,KHUNTI,
Jharkhand,Khunti,IMD110-P2127,1979,20.0,54.3,3.2,0.7,6.4,141.6,222.4,175.6,228.7,22.6,36.0,14.8,926.3,74.3,10.3,768.3,73.3,2129,,KHUNTI,
Jharkhand,Khunti,IMD110-P2127,1980,40.0,19.4,39.2,23.8,59.0,353.1,454.3,228.4,219.3,51.6,0.0,16.3,1504.3,59.4,121.9,1255.1,67.9,2129,,KHUNTI,
Jharkhand,Khunti,IMD110-P2127,1981,70.0,68.3,17.8,44.2,105.6,274.1,383.4,372.4,273.9,6.1,17.0,5.5,1638.3,138.3,167.6,1303.8,28.6,2129,,KHUNTI,
Jharkhand,Khunti,IMD110-P2127,1982,10.5,57.0,121.4,43.3,49.7,225.9,184.8,728.1,120.0,39.0,6.0,3.5,1589.1,67.5,214.4,1258.8,48.5,2129,,KHUNTI,
Jharkhand,Khunti,IMD110-P2127,1983,0.1,47.4,0.3,70.7,51.5,119.3,276.5,299.2,255.3,86.3,5.3,17.0,1229.0,47.5,122.5,950.3,108.6,2129,,KHUNTI,
Jharkhand,Khunti,IMD110-P2127,1984,43.4,6.8,0.0,13.5,13.7,488.2,410.8,386.0,195.1,77.3,0.0,0.0,1634.7,50.2,27.2,1480.1,77.3,2129,,KHUNTI,
Jharkhand,Khunti,IMD110-P2127,1985,58.5,13.9,0.1,15.9,32.3,134.1,438.0,406.5,262.1,138.5,0.0,0.0,1500.1,72.5,48.3,1240.8,138.5,2129,,KHUNTI,
Jharkhand,Khunti,IMD110-P2127,1986,7.1,26.1,5.3,17.4,61.5,276.7,367.3,294.0,175.5,107.0,57.4,75.5,1470.8,33.2,84.3,1113.4,239.9,2129,,KHUNTI,
Jharkhand,Khunti,IMD110-P2127,1987,14.9,15.3,16.6,36.0,54.6,54.2,469.6,373.0,319.0,13.1,41.5,14.6,1422.3,30.1,107.2,1215.7,69.3,2129,,KHUNTI,
Jharkhand,Khunti,IMD110-P2127,1988,3.8,29.4,15.5,15.9,3.8,446.6,486.5,267.4,167.1,25.0,0.0,0.3,1461.3,33.2,35.2,1367.7,25.3,2129,,KHUNTI,
Jharkhand,Khunti,IMD110-P2127,1989,0.0,0.0,9.1,0.0,36.0,282.4,203.3,212.3,198.6,49.3,6.1,28.1,1025.1,0.0,45.1,896.6,83.5,2129,,KHUNTI,
Jharkhand,Khunti,IMD110-P2127,1990,0.0,20.0,65.6,21.6,101.0,241.2,255.3,184.8,289.5,50.9,14.7,0.0,1244.6,20.0,188.2,970.8,65.6,2129,,KHUNTI,
Jharkhand,Khunti,IMD110-P2127,1991,42.8,4.6,48.0,19.4,23.1,116.5,155.5,417.3,192.9,5.4,0.0,38.1,1063.5,47.3,90.5,882.3,43.4,2129,,KHUNTI,
Jharkhand,Khunti,IMD110-P2127,1992,11.0,0.0,0.0,13.8,50.4,133.7,264.1,317.2,141.1,9.2,0.0,0.0,940.5,11.0,64.2,856.1,9.2,2129,,KHUNTI,
Jharkhand,Khunti,IMD110-P2127,1993,0.0,0.0,11.1,26.1,39.4,213.1,241.3,120.4,357.5,63.0,14.1,0.0,1085.9,0.0,76.6,932.2,77.1,2129,,KHUNTI,
Jharkhand,Khunti,IMD110-P2127,1994,19.0,29.7,0.0,12.0,44.9,487.0,657.4,500.4,243.4,115.8,10.5,4.0,2124.0,48.7,56.9,1888.1,130.2,2129,,KHUNTI,
Jharkhand,Khunti,IMD110-P2127,1995,9.8,5.0,61.6,0.6,26.3,161.2,334.0,379.9,426.0,32.3,128.5,18.6,1583.8,14.8,88.5,1301.1,179.4,2129,,KHUNTI,
Jharkhand,Khunti,IMD110-P2127,1996,28.6,29.6,3.4,15.0,43.5,279.6,571.0,365.5,122.8,29.9,0.0,0.0,1488.9,58.3,61.9,1338.9,29.9,2129,,KHUNTI,
Jharkhand,Khunti,IMD110-P2127,1997,8.3,15.5,1.0,18.2,26.9,313.9,585.9,791.6,260.6,196.3,,27.2,,23.8,46.1,1952.0,,2129,missing_months,KHUNTI,
Jharkhand,Khunti,IMD110-P2127,1998,149.8,36.5,72.1,54.0,46.1,220.8,322.3,290.7,533.2,234.3,59.4,0.0,2019.1,186.2,172.2,1367.0,293.7,2129,,KHUNTI,
Jharkhand,Khunti,IMD110-P2127,1999,0.0,0.0,0.0,0.0,35.1,172.1,570.9,819.7,339.0,39.0,0.0,0.0,1975.9,0.0,35.1,1901.8,39.0,2129,,KHUNTI,
Jharkhand,Khunti,IMD110-P2127,2000,13.8,50.3,0.0,6.2,117.3,228.3,396.4,260.5,409.8,73.8,11.0,5.4,1572.8,64.1,123.5,1295.0,90.3,2129,,KHUNTI,
Jharkhand,Khunti,IMD110-P2127,2001,9.0,6.5,27.0,13.4,17.8,401.8,510.7,169.3,90.2,181.8,0.0,0.0,1427.6,15.6,58.2,1172.0,181.8,2129,,KHUNTI,
Jharkhand,Khunti,IMD110-P2127,2002,35.6,5.9,19.3,4.3,15.6,261.5,134.1,274.2,272.6,75.3,0.0,2.1,1100.5,41.5,39.2,942.3,77.4,2129,,KHUNTI,
Jharkhand,Khunti,IMD110-P2127,2003,0.3,20.2,18.7,9.4,8.7,112.1,166.9,137.9,199.5,1153.5,0.0,0.5,1827.7,20.6,36.8,616.4,1154.0,2129,,KHUNTI,
Jharkhand,Khunti,IMD110-P2127,2004,2.3,0.7,3.0,19.2,17.9,110.4,124.3,315.7,131.9,127.7,0.0,9.4,862.4,3.0,40.1,682.3,137.0,2129,,KHUNTI,
Jharkhand,Khunti,IMD110-P2127,2005,34.2,17.7,12.3,0.4,19.8,163.4,205.8,272.4,124.3,93.9,0.0,18.4,962.5,51.9,32.5,765.9,112.2,2129,,KHUNTI,
Jharkhand,Khunti,IMD110-P2127,2006,0.0,0.0,31.9,7.1,98.1,141.2,510.7,516.2,294.1,91.1,10.6,0.0,1701.0,0.0,137.2,1462.1,101.8,2129,,KHUNTI,
Jharkhand,Khunti,IMD110-P2127,2007,0.0,25.4,14.0,23.9,51.7,114.5,416.9,301.1,319.8,24.8,3.6,0.0,1295.7,25.4,89.6,1152.3,28.4,2129,,KHUNTI,
Jharkhand,Khunti,IMD110-P2127,2008,2.4,2.5,6.7,12.2,40.8,457.1,494.2,306.4,204.4,35.2,0.0,0.0,1561.9,4.9,59.6,1462.1,35.2,2129,,KHUNTI,
Jharkhand,Khunti,IMD110-P2127,2009,3.1,0.0,4.0,0.0,83.8,70.2,383.9,292.5,269.9,70.8,13.0,0.0,1191.2,3.1,87.8,1016.5,83.8,2129,,KHUNTI,
Jharkhand,Khunti,IMD110-P2127,2010,0.0,1.8,0.0,5.9,13.0,60.3,206.1,208.4,171.1,35.8,22.5,28.0,752.8,1.8,18.8,645.8,86.3,2129,,KHUNTI,
Jharkhand,Kodarma,IMD110-P2130,1903,6.6,26.2,2.0,13.5,26.6,154.9,51.4,461.8,278.8,257.5,0.0,0.0,1279.3,32.8,42.1,946.9,257.5,2130,,KODARMA,
Jharkhand,Kodarma,IMD110-P2130,1904,7.9,6.4,12.4,0.0,118.7,208.7,432.8,294.7,58.9,37.6,0.0,0.0,1178.1,14.3,131.1,995.1,37.6,2130,,KODARMA,
Jharkhand,Kodarma,IMD110-P2130,1905,18.7,203.9,59.9,4.6,10.2,20.3,376.0,363.4,326.3,3.6,0.0,4.1,1391.0,222.6,74.7,1086.0,7.7,2130,,KODARMA,
Jharkhand,Kodarma,IMD110-P2130,1906,21.9,101.2,11.4,0.0,11.4,150.6,197.2,324.8,141.8,114.2,0.0,0.0,1074.5,123.1,22.8,814.4,114.2,2130,,KODARMA,
Jharkhand,Kodarma,IMD110-P2130,1907,0.0,152.5,59.7,14.2,0.0,381.1,67.4,436.2,439.5,0.0,0.0,2.5,1553.1,152.5,73.9,1324.2,2.5,2130,,KODARMA,
Jharkhand,Kodarma,IMD110-P2130,1908,7.1,37.2,0.0,0.0,0.0,157.2,183.9,272.3,76.6,78.5,0.0,0.0,812.8,44.3,0.0,690.0,78.5,2130,,KODARMA,
Jharkhand,Kodarma,IMD110-P2130,1909,53.1,24.1,0.0,56.2,16.3,431.4,342.4,375.5,236.8,0.0,0.0,8.9,1544.7,77.2,72.5,1386.1,8.9,2130,,KODARMA,
Jharkhand,Kodarma,IMD110-P2130,1910,1.0,22.9,0.0,25.4,32.4,171.5,252.5,428.1,274.7,50.5,45.2,0.0,1304.2,23.9,57.8,1126.8,95.7,2130,,KODARMA,
Jharkhand,Kodarma,IMD110-P2130,1911,0.5,0.0,42.9,0.0,2.5,344.6,124.0,347.4,192.0,127.0,23.4,0.0,1204.3,0.5,45.4,1008.0,150.4,2130,,KODARMA,
Jharkhand,Kodarma,IMD110-P2130,1912,1.4,12.5,18.3,5.2,50.0,81.2,249.6,421.3,81.3,8.9,49.2,0.0,978.8,13.9,73.5,833.3,58.1,2130,,KODARMA,
Jharkhand,Kodarma,IMD110-P2130,1913,0.0,40.4,92.2,0.0,74.6,312.8,237.8,453.8,341.4,52.4,3.0,21.7,1629.9,40.4,166.8,1345.6,77.1,2130,,KODARMA,
Jharkhand,Kodarma,IMD110-P2130,1914,0.0,41.8,20.0,34.6,127.6,81.6,186.3,326.8,153.5,6.4,0.0,2.7,981.4,41.8,182.2,748.2,9.1,2130,,KODARMA,
Jharkhand,Kodarma,IMD110-P2130,1915,9.8,40.9,7.8,0.3,38.0,137.7,298.1,152.1,218.4,14.4,19.8,0.0,937.3,50.7,46.0,806.3,34.3,2130,,KODARMA,
Jharkhand,Kodarma,IMD110-P2130,1916,0.0,19.3,0.0,3.4,11.9,171.3,248.1,450.6,286.0,215.1,1.0,0.0,1406.7,19.3,15.3,1155.9,216.2,2130,,KODARMA,
Jharkhand,Kodarma,IMD110-P2130,1917,1.5,46.3,10.4,13.0,74.3,287.0,258.3,317.0,138.8,142.4,0.0,0.0,1288.8,47.8,97.7,1001.0,142.4,2130,,KODARMA,
Jharkhand,Kodarma,IMD110-P2130,1918,2.8,0.0,1.5,7.3,41.2,188.8,100.4,448.1,329.2,0.0,0.0,0.0,1119.3,2.8,50.0,1066.6,0.0,2130,,KODARMA,
Jharkhand,Kodarma,IMD110-P2130,1919,92.8,5.7,14.5,10.9,55.3,220.4,316.9,336.0,204.1,40.6,0.0,0.0,1297.3,98.5,80.8,1077.4,40.6,2130,,KODARMA,
Jharkhand,Kodarma,IMD110-P2130,1920,0.0,10.4,67.4,3.8,30.5,26.8,513.7,184.1,322.9,0.0,0.0,0.0,1159.6,10.4,101.7,1047.4,0.0,2130,,KODARMA,
Jharkhand,Kodarma,IMD110-P2130,1921,33.0,7.9,0.0,12.9,0.0,138.9,282.5,378.4,220.4,9.9,0.0,0.0,1083.8,41.0,12.9,1020.2,9.9,2130,,KODARMA,
Jharkhand,Kodarma,IMD110-P2130,1922,6.4,8.4,0.0,13.8,18.4,221.4,313.7,370.2,213.3,23.4,0.3,2.3,1191.4,14.8,32.2,1118.5,25.9,2130,,KODARMA,
Jharkhand,Kodarma,IMD110-P2130,1923,0.0,39.4,0.8,1.9,4.3,232.0,305.7,315.5,165.4,23.6,4.6,0.5,1093.7,39.4,7.0,1018.6,28.6,2130,,KODARMA,
Jharkhand,Kodarma,IMD110-P2130,1924,1.4,24.0,0.4,0.3,6.3,138.8,597.3,219.0,277.8,34.3,113.6,0.0,1413.1,25.3,7.0,1232.9,147.9,2130,,KODARMA,
Jharkhand,Kodarma,IMD110-P2130,1925,1.1,1.6,13.4,14.1,68.9,137.7,298.5,263.9,184.9,36.6,7.6,0.0,1028.5,2.8,96.4,885.1,44.2,2130,,KODARMA,
Jharkhand,Kodarma,IMD110-P2130,1926,19.5,0.0,28.8,10.4,12.1,17.6,391.7,459.0,308.1,37.8,1.6,24.9,1311.7,19.5,51.3,1176.5,64.4,2130,,KODARMA,
Jharkhand,Kodarma,IMD110-P2130,1927,34.8,92.5,42.5,0.0,22.9,55.8,229.5,187.8,69.0,18.7,19.7,0.0,773.1,127.3,65.4,542.0,38.4,2130,,KODARMA,
Jharkhand,Kodarma,IMD110-P2130,1928,77.7,0.0,0.0,1.4,37.0,216.1,351.6,117.6,83.0,219.3,0.0,0.5,1104.3,77.7,38.4,768.4,219.8,2130,,KODARMA,
Jharkhand,Kodarma,IMD110-P2130,1929,64.3,2.8,6.2,3.8,11.1,58.5,184.6,416.5,159.4,291.8,0.0,37.9,1236.9,67.2,21.1,819.0,329.8,2130,,KODARMA,
Jharkhand,Kodarma,IMD110-P2130,1930,0.4,1.5,0.0,6.3,0.6,81.3,340.2,242.4,114.8,28.0,68.5,4.3,888.5,1.9,6.9,778.8,100.8,2130,,KODARMA,
Jharkhand,Kodarma,IMD110-P2130,1931,3.3,45.8,0.6,0.0,7.9,24.5,221.1,241.1,195.1,51.7,14.6,0.9,806.5,49.1,8.6,681.8,67.2,2130,,KODARMA,
Jharkhand,Kodarma,IMD110-P2130,1932,0.0,16.1,0.2,77.9,7.9,29.8,314.4,236.2,193.4,33.2,100.2,0.5,1009.8,16.1,86.0,773.8,133.9,2130,,KODARMA,
Jharkhand,Kodarma,IMD110-P2130,1933,64.8,10.6,0.5,42.7,48.5,308.6,172.8,385.0,172.4,63.3,0.0,0.0,1269.3,75.5,91.7,1038.8,63.3,2130,,KODARMA,
Jharkhand,Kodarma,IMD110-P2130,1934,56.3,10.8,0.8,2.8,9.5,75.4,392.5,251.5,162.5,57.2,6.2,0.0,1025.5,67.1,13.1,882.0,63.4,2130,,KODARMA,
Jharkhand,Kodarma,IMD110-P2130,1935,50.4,35.3,1.1,0.0,0.0,95.9,185.6,659.3,283.6,0.0,0.0,0.0,1311.2,85.7,1.1,1224.4,0.0,2130,,KODARMA,
Jharkhand,Kodarma,IMD110-P2130,1936,6.8,3.2,1.8,22.9,66.4,130.6,362.9,345.0,432.3,108.1,0.0,4.4,1484.3,10.1,91.1,1270.6,112.6,2131,,KODARMA,
Jharkhand,Kodarma,IMD110-P2130,1937,0.0,77.8,0.4,1.0,31.8,120.1,382.1,358.2,144.6,147.0,0.0,0.0,1263.1,77.8,33.2,1005.0,147.0,2131,,KODARMA,
Jharkhand,Kodarma,IMD110-P2130,1938,10.2,32.4,0.0,0.0,66.7,124.0,291.6,247.6,167.9,15.3,0.0,0.0,955.6,42.6,66.7,831.1,15.3,2131,,KODARMA,
Jharkhand,Kodarma,IMD110-P2130,1939,10.1,40.8,37.0,2.8,4.5,340.8,415.0,473.6,232.1,29.4,0.0,0.0,1586.2,50.9,44.3,1461.6,29.4,2131,,KODARMA,
Jharkhand,Kodarma,IMD110-P2130,1940,0.0,37.4,80.3,5.1,17.0,59.3,232.0,312.8,85.8,22.8,0.0,83.3,935.7,37.4,102.4,689.8,106.1,2131,,KODARMA,
Jharkhand,Kodarma,IMD110-P2130,1941,28.0,2.5,1.3,0.6,38.2,251.1,155.2,298.5,205.8,111.6,1.3,0.0,1094.3,30.6,40.1,910.7,112.8,2131,,KODARMA,
Jharkhand,Kodarma,IMD110-P2130,1942,9.5,59.4,28.6,18.0,2.3,162.3,375.9,361.5,202.3,10.6,0.0,0.3,1230.8,68.9,48.9,1102.1,10.9,2131,,KODARMA,
Jharkhand,Kodarma,IMD110-P2130,1943,54.6,6.9,0.0,3.7,2.5,49.2,474.8,382.8,128.9,47.2,0.0,0.0,1150.3,61.4,6.2,1035.6,47.2,2131,,KODARMA,
Jharkhand,Kodarma,IMD110-P2130,1944,4.7,39.2,22.5,14.0,3.0,140.2,280.9,352.2,140.9,65.0,0.0,0.0,1062.6,43.8,39.5,914.2,65.0,2131,,KODARMA,
Jharkhand,Kodarma,IMD110-P2130,1945,50.5,49.5,0.0,32.3,28.2,71.3,326.6,220.8,207.0,103.1,2.8,3.1,1095.3,100.0,60.5,825.7,109.0,2131,,KODARMA,
Jharkhand,Kodarma,IMD110-P2130,1946,0.0,26.2,2.9,56.0,36.9,115.8,312.8,324.0,180.7,94.5,40.6,0.0,1190.5,26.2,95.8,933.3,135.1,2131,,KODARMA,
Jharkhand,Kodarma,IMD110-P2130,1947,0.0,21.3,26.1,0.0,11.3,95.5,332.8,341.0,202.1,26.9,0.0,1.4,1058.4,21.3,37.4,971.4,28.3,2131,,KODARMA,
Jharkhand,Kodarma,IMD110-P2130,1948,24.9,22.1,10.3,5.9,23.1,83.7,197.4,302.4,99.2,75.0,78.6,0.0,922.7,47.0,39.4,682.7,153.6,2131,,KODARMA,
Jharkhand,Kodarma,IMD110-P2130,1949,27.9,17.8,24.1,3.8,61.7,148.1,318.6,187.1,323.3,55.6,0.0,0.0,1168.1,45.7,89.6,977.2,55.6,2131,,KODARMA,
Jharkhand,Kodarma,IMD110-P2130,1950,,21.8,37.6,,15.3,299.0,322.9,367.6,124.4,4.8,0.0,2.7,,,,1113.9,7.6,2131,missing_months,KODARMA,
Jharkhand,Kodarma,IMD110-P2130,1951,9.9,0.0,20.0,4.8,25.1,80.0,343.3,157.1,160.0,68.2,20.3,0.0,888.7,9.9,50.0,740.3,88.4,2131,,KODARMA,
Jharkhand,Kodarma,IMD110-P2130,1952,3.0,12.1,19.6,5.1,56.4,254.1,219.1,213.0,236.7,24.9,0.0,0.0,1043.9,15.0,81.1,922.9,24.9,2131,,KODARMA,
Jharkhand,Kodarma,IMD110-P2130,1953,23.3,0.0,0.0,7.8,2.7,220.4,248.3,245.6,296.0,0.3,0.0,0.0,1044.2,23.3,10.4,1010.3,0.3,2131,,KODARMA,
Jharkhand,Kodarma,IMD110-P2130,1954,8.7,27.2,4.1,7.9,14.5,163.9,192.1,312.0,137.6,20.0,0.0,0.0,888.0,35.9,26.5,805.7,20.0,2131,,KODARMA,
Jharkhand,Kodarma,IMD110-P2130,1955,51.6,23.5,3.5,0.0,0.9,40.0,383.2,295.5,118.9,63.6,0.0,0.0,980.6,75.0,4.3,837.7,63.6,2131,,KODARMA,
Jharkhand,Kodarma,IMD110-P2130,1956,27.3,3.9,10.0,0.0,63.6,168.2,216.5,211.4,240.0,122.8,9.4,12.4,1085.4,31.2,73.6,836.0,144.6,2131,,KODARMA,
Jharkhand,Kodarma,IMD110-P2130,1957,79.5,6.3,25.6,0.0,0.5,130.1,297.6,109.9,163.3,63.9,0.0,2.8,879.5,85.8,26.1,700.9,66.7,2131,,KODARMA,
Jharkhand,Kodarma,IMD110-P2130,1958,0.9,4.8,3.5,14.4,6.3,33.2,224.2,341.5,254.3,119.5,0.0,0.0,1002.6,5.8,24.1,853.2,119.5,2131,,KODARMA,
Jharkhand,Kodarma,IMD110-P2130,1959,123.5,2.5,1.3,0.0,50.8,181.9,331.9,376.4,182.9,241.9,0.0,0.0,1493.0,126.0,52.0,1073.1,241.9,2131,,KODARMA,
Jharkhand,Kodarma,IMD110-P2130,1960,0.0,0.0,38.6,7.6,23.4,111.4,314.9,364.6,170.6,2.6,,0.0,,0.0,69.6,961.5,,2131,missing_months,KODARMA,
Jharkhand,Kodarma,IMD110-P2130,1961,,77.5,0.0,0.0,8.9,185.4,326.2,278.9,157.5,364.3,0.0,0.0,,,8.9,948.0,364.3,2131,missing_months,KODARMA,
Jharkhand,Kodarma,IMD110-P2130,1962,,0.5,0.0,27.9,0.0,51.0,,182.7,326.4,9.6,0.0,,,,27.9,,,2131,missing_months,KODARMA,
Jharkhand,Kodarma,IMD110-P2130,1963,,0.2,0.0,0.2,1.2,116.6,145.3,165.2,314.9,342.7,5.1,,,,1.4,742.0,,2131,missing_months,KODARMA,
Jharkhand,Kodarma,IMD110-P2130,1964,0.0,12.7,0.0,0.0,71.1,125.7,311.3,125.8,180.3,7.4,22.9,0.0,857.2,12.7,71.1,743.1,30.3,2131,,KODARMA,
Jharkhand,Kodarma,IMD110-P2130,1965,0.0,0.0,0.0,24.1,0.0,195.6,177.7,358.6,255.1,34.2,0.0,0.0,1045.3,0.0,24.1,987.0,34.2,2131,,KODARMA,
Jharkhand,Kodarma,IMD110-P2130,1966,35.5,0.0,0.0,0.0,12.7,247.6,85.0,207.6,69.9,0.4,0.0,0.0,658.7,35.5,12.7,610.1,0.4,2131,,KODARMA,
Jharkhand,Kodarma,IMD110-P2130,1967,0.0,0.0,22.3,0.0,21.8,31.8,190.3,316.6,192.6,0.0,0.0,0.0,775.3,0.0,44.0,731.3,0.0,2131,,KODARMA,
Jharkhand,Kodarma,IMD110-P2130,1968,47.6,0.0,13.2,0.0,5.0,237.5,239.0,206.7,37.3,31.3,0.0,3.8,821.3,47.6,18.2,720.5,35.0,2131,,KODARMA,
Jharkhand,Kodarma,IMD110-P2130,1969,3.5,2.0,12.0,15.0,109.5,169.8,198.3,378.5,163.3,1.5,22.0,0.0,1075.3,5.5,136.5,909.8,23.5,2131,,KODARMA,
Jharkhand,Kodarma,IMD110-P2130,1970,26.7,11.0,7.5,0.0,40.6,95.4,125.5,116.7,268.5,21.9,0.0,0.0,713.7,37.7,48.1,606.1,21.9,2132,,KODARMA,
Jharkhand,Kodarma,IMD110-P2130,1971,45.5,29.5,0.0,0.0,60.5,277.3,566.0,586.5,190.5,79.0,0.0,0.0,1834.8,75.0,60.5,1620.3,79.0,2132,,KODARMA,
Jharkhand,Kodarma,IMD110-P2130,1972,20.5,72.0,0.0,0.0,0.0,36.5,269.5,201.5,158.5,,,,,92.5,0.0,666.0,,2132,missing_months,KODARMA,
Jharkhand,Kodarma,IMD110-P2130,1973,,,9.2,0.0,,260.3,153.5,,247.5,,,,,,,,,2132,missing_months,KODARMA,
Jharkhand,Kodarma,IMD110-P2130,1974,0.0,0.0,3.7,0.0,32.7,61.8,314.0,245.5,167.4,20.6,0.0,0.0,845.7,0.0,36.4,788.7,20.6,2132,,KODARMA,
Jharkhand,Kodarma,IMD110-P2130,1975,16.0,13.0,38.0,0.0,21.7,66.5,265.2,104.9,157.3,72.2,0.0,0.0,754.6,29.0,59.7,593.8,72.2,2132,,KODARMA,
Jharkhand,Kodarma,IMD110-P2130,1976,0.0,7.0,0.0,0.0,43.5,123.9,172.1,163.0,333.5,0.0,0.0,0.0,843.0,7.0,43.5,792.5,0.0,2132,,KODARMA,
Jharkhand,Kodarma,IMD110-P2130,1977,11.5,0.0,0.0,27.0,61.5,317.6,433.1,134.6,229.5,80.4,0.0,0.0,1295.3,11.5,88.5,1114.9,80.4,2132,,KODARMA,
Jharkhand,Kodarma,IMD110-P2130,1978,5.8,62.5,24.5,8.8,1.0,169.0,322.0,284.8,373.5,131.3,10.3,30.6,1423.8,68.3,34.3,1149.3,172.1,2132,,KODARMA,
Jharkhand,Kodarma,IMD110-P2130,1979,22.5,40.5,0.0,15.0,0.0,87.9,279.9,241.4,154.0,16.7,21.0,0.0,878.9,63.0,15.0,763.2,37.7,2132,,KODARMA,
Jharkhand,Kodarma,IMD110-P2130,1980,4.0,25.6,32.4,3.7,11.5,333.5,258.9,353.9,199.6,71.7,0.0,12.3,1307.2,29.6,47.6,1145.9,84.0,2132,,KODARMA,
Jharkhand,Kodarma,IMD110-P2130,1984,,,5.0,2.0,4.0,537.5,,,234.2,,,,,,11.0,,,2132,missing_months,KODARMA,
Jharkhand,Kodarma,IMD110-P2130,1986,0.0,25.2,0.0,15.0,69.8,318.7,347.3,365.2,110.9,153.9,11.8,18.6,1436.4,25.2,84.8,1142.2,184.3,2132,,KODARMA,
Jharkhand,Kodarma,IMD110-P2130,1987,0.0,10.6,9.3,17.5,34.2,160.9,479.5,372.9,366.5,27.2,11.3,14.4,1504.3,10.6,61.0,1379.8,52.9,2132,,KODARMA,
Jharkhand,Kodarma,IMD110-P2130,1989,10.0,0.0,0.6,0.0,87.4,173.5,317.5,125.8,280.2,43.8,2.3,22.0,1063.0,10.0,88.0,896.9,68.1,2132,,KODARMA,
Jharkhand,Kodarma,IMD110-P2130,1991,17.2,13.8,21.7,0.0,14.7,192.8,196.9,270.4,272.3,38.5,0.0,33.7,1072.0,31.1,36.5,932.3,72.2,2132,,KODARMA,
Jharkhand,Kodarma,IMD110-P2130,1992,8.0,9.7,0.0,2.4,42.2,80.6,213.0,257.0,113.3,17.1,0.9,0.0,744.2,17.7,44.6,663.9,18.0,2132,,KODARMA,
Jharkhand,Kodarma,IMD110-P2130,1993,0.0,0.9,30.0,11.0,59.5,66.6,154.3,208.8,366.4,69.0,31.1,0.0,997.7,0.9,100.5,796.2,100.1,2132,,KODARMA,
Jharkhand,Kodarma,IMD110-P2130,1994,22.5,49.1,0.0,10.6,32.3,303.6,301.0,312.8,116.2,114.9,0.0,0.0,1263.0,71.6,42.9,1033.6,114.9,2132,,KODARMA,
Jharkhand,Kodarma,IMD110-P2130,1995,5.7,3.4,0.0,0.0,7.4,185.4,134.2,161.0,370.0,28.5,67.5,37.2,1000.3,9.1,7.4,850.6,133.2,2132,,KODARMA,
Jharkhand,Kodarma,IMD110-P2130,1996,13.8,50.8,0.5,0.0,27.3,335.4,136.8,473.7,199.0,40.8,0.0,0.0,1278.1,64.6,27.8,1144.9,40.8,2132,,KODARMA,
Jharkhand,Kodarma,IMD110-P2130,1997,8.4,0.0,1.8,23.6,31.1,206.8,457.2,395.9,253.0,76.4,54.0,62.1,1570.3,8.4,56.4,1312.9,192.5,2132,,KODARMA,
Jharkhand,Kodarma,IMD110-P2130,1998,29.8,20.8,71.4,23.5,19.5,143.1,390.7,455.1,283.7,172.4,13.3,0.0,1623.3,50.6,114.3,1272.6,185.8,2132,,KODARMA,
Jharkhand,Kodarma,IMD110-P2130,1999,0.0,0.0,0.0,0.0,61.5,313.0,482.2,230.0,162.5,182.4,9.1,0.0,1440.8,0.0,61.5,1187.8,191.5,2132,,KODARMA,
Jharkhand,Kodarma,IMD110-P2130,2000,9.6,11.8,9.2,15.9,38.6,224.2,202.1,205.0,371.0,20.1,0.0,0.0,1107.7,21.4,63.7,1002.4,20.1,2132,,KODARMA,
Jharkhand,Kodarma,IMD110-P2130,2001,0.6,2.3,3.9,1.0,32.7,360.6,247.0,166.9,133.9,125.2,0.0,0.0,1074.2,2.9,37.7,908.4,125.2,2132,,KODARMA,
Jharkhand,Kodarma,IMD110-P2130,2002,2.0,5.1,2.7,0.0,20.7,104.1,468.3,235.8,209.7,70.6,0.0,0.0,1119.1,7.1,23.4,1017.9,70.6,2132,,KODARMA,
Jharkhand,Kodarma,IMD110-P2130,2003,8.5,7.6,2.2,8.5,2.4,151.9,246.2,156.6,124.7,174.6,0.0,5.3,888.6,16.1,13.1,679.5,179.9,2132,,KODARMA,
Jharkhand,Kodarma,IMD110-P2130,2004,6.4,3.7,4.2,28.2,26.5,182.0,156.9,108.3,248.6,69.0,0.0,0.0,833.7,10.0,58.8,695.8,69.0,2132,,KODARMA,
Jharkhand,Kodarma,IMD110-P2130,2005,10.2,16.3,9.0,2.0,2.0,105.5,260.8,125.5,202.5,3.6,0.0,0.0,737.3,26.4,13.0,694.3,3.6,2132,,KODARMA,
Jharkhand,Kodarma,IMD110-P2130,2007,0.0,0.0,32.0,17.0,102.1,84.3,538.3,325.7,295.3,104.1,0.0,0.0,1498.7,0.0,151.1,1243.5,104.1,2132,,KODARMA,
Jharkhand,Kodarma,IMD110-P2130,2008,93.3,1.4,0.0,22.9,79.4,255.6,411.1,219.7,131.8,13.6,0.0,0.0,1228.8,94.8,102.3,1018.2,13.6,2132,,KODARMA,
Jharkhand,Kodarma,IMD110-P2130,2009,1.5,0.0,0.0,0.0,110.1,70.1,230.9,218.5,310.7,57.4,0.0,0.0,999.3,1.5,110.1,830.2,57.4,2132,,KODARMA,
Jharkhand,Kodarma,IMD110-P2130,2010,0.0,0.0,0.0,0.0,72.6,102.6,242.9,156.6,111.9,40.1,3.3,31.5,761.4,0.0,72.6,613.8,74.9,2132,,KODARMA,
Jharkhand,Latehar,IMD110-P2133,1902,7.9,19.0,9.1,0.5,12.7,46.1,420.7,184.4,361.4,4.2,8.5,0.3,1075.0,26.9,22.3,1012.7,13.1,2133,,LATEHAR,
Jharkhand,Latehar,IMD110-P2133,1903,13.7,16.0,8.1,33.2,51.1,61.1,185.7,183.7,198.2,145.9,0.0,0.0,896.7,29.7,92.4,628.7,145.9,2133,,LATEHAR,
Jharkhand,Latehar,IMD110-P2133,1904,0.0,20.7,58.4,0.0,123.4,270.7,507.8,441.2,71.1,24.7,4.4,0.0,1522.5,20.7,181.8,1290.9,29.1,2133,,LATEHAR,
Jharkhand,Latehar,IMD110-P2133,1905,46.5,28.2,34.1,31.5,54.7,5.1,377.3,280.8,397.1,20.1,0.0,0.8,1276.3,74.7,120.3,1060.3,21.0,2133,,LATEHAR,
Jharkhand,Latehar,IMD110-P2133,1906,30.8,143.5,17.2,0.0,27.8,167.1,387.9,201.5,191.1,64.4,1.3,0.0,1232.5,174.3,44.9,947.7,65.7,2133,,LATEHAR,
Jharkhand,Latehar,IMD110-P2133,1907,0.0,105.9,59.9,25.2,11.8,421.3,175.7,787.4,98.6,0.0,0.0,9.5,1695.2,105.9,96.9,1482.9,9.5,2133,,LATEHAR,
Jharkhand,Latehar,IMD110-P2133,1908,7.9,102.9,34.6,0.0,2.4,102.5,327.3,402.9,162.1,32.4,0.0,0.0,1175.0,110.8,37.0,994.8,32.4,2133,,LATEHAR,
Jharkhand,Latehar,IMD110-P2133,1909,37.1,6.8,0.0,54.1,11.2,310.4,386.0,237.4,227.8,0.0,0.0,22.9,1293.7,43.9,65.3,1161.6,22.9,2133,,LATEHAR,
Jharkhand,Latehar,IMD110-P2133,1910,17.4,7.4,7.6,5.7,18.0,185.2,274.0,429.2,211.9,82.6,19.0,0.0,1257.8,24.8,31.2,1100.2,101.5,2133,,LATEHAR,
Jharkhand,Latehar,IMD110-P2133,1911,0.0,0.0,45.9,0.0,5.2,501.3,127.8,428.5,260.6,71.1,85.4,0.0,1525.8,0.0,51.1,1318.2,156.5,2133,,LATEHAR,
Jharkhand,Latehar,IMD110-P2133,1912,0.3,33.4,1.6,6.1,16.3,54.2,294.1,335.4,98.4,7.2,34.7,0.0,881.7,33.7,24.0,782.1,41.9,2133,,LATEHAR,
Jharkhand,Latehar,IMD110-P2133,1913,8.9,141.2,52.9,0.0,46.5,349.6,445.6,416.9,155.9,48.8,15.9,10.8,1692.9,150.1,99.3,1368.1,75.4,2133,,LATEHAR,
Jharkhand,Latehar,IMD110-P2133,1914,0.0,8.3,17.0,15.1,121.6,83.4,331.9,440.1,145.2,4.4,0.0,14.4,1181.5,8.3,153.7,1000.7,18.9,2133,,LATEHAR,
Jharkhand,Latehar,IMD110-P2133,1915,12.2,34.4,22.7,1.3,35.2,70.5,288.5,237.5,176.0,30.1,39.0,0.0,947.5,46.6,59.2,772.6,69.2,2133,,LATEHAR,
Jharkhand,Latehar,IMD110-P2133,1916,0.0,24.4,0.0,10.1,12.9,263.5,226.0,307.5,195.8,370.2,15.6,0.0,1426.0,24.4,23.0,992.8,385.8,2133,,LATEHAR,
Jharkhand,Latehar,IMD110-P2133,1917,3.3,35.3,20.7,4.8,118.4,222.7,308.4,529.5,205.0,224.3,0.0,3.4,1675.7,38.5,143.9,1265.6,227.7,2133,,LATEHAR,
Jharkhand,Latehar,IMD110-P2133,1918,8.4,0.0,4.2,5.3,47.6,323.0,80.9,434.2,204.0,0.0,0.0,0.8,1108.3,8.4,57.1,1042.1,0.8,2133,,LATEHAR,
Jharkhand,Latehar,IMD110-P2133,1919,123.2,12.0,30.2,13.9,44.5,424.5,353.3,551.2,249.3,214.4,3.3,0.1,2019.8,135.1,88.6,1578.2,217.8,2133,,LATEHAR,
Jharkhand,Latehar,IMD110-P2133,1920,0.0,7.0,36.8,2.2,48.0,76.8,831.6,298.1,121.3,0.0,0.0,0.0,1422.0,7.0,87.1,1327.9,0.0,2133,,LATEHAR,
Jharkhand,Latehar,IMD110-P2133,1921,24.0,6.9,0.0,6.0,1.1,286.0,338.8,486.1,174.9,17.3,0.0,0.0,1341.1,30.9,7.2,1285.7,17.3,2133,,LATEHAR,
Jharkhand,Latehar,IMD110-P2133,1922,5.9,1.1,0.0,12.3,0.6,165.8,378.3,347.3,257.7,21.9,18.2,0.9,1210.0,7.0,12.9,1149.1,41.0,2133,,LATEHAR,
Jharkhand,Latehar,IMD110-P2133,1923,0.2,53.6,5.0,2.9,9.5,204.4,446.1,613.4,156.5,31.2,23.8,3.5,1550.2,53.8,17.4,1420.4,58.6,2133,,LATEHAR,
Jharkhand,Latehar,IMD110-P2133,1924,25.0,27.5,1.3,0.0,13.1,89.2,505.9,223.1,346.3,84.1,130.6,0.0,1446.2,52.5,14.4,1164.6,214.8,2133,,LATEHAR,
Jharkhand,Latehar,IMD110-P2133,1925,1.8,6.4,0.0,1.6,39.5,233.0,487.9,462.0,157.8,50.5,19.3,0.0,1459.8,8.2,41.1,1340.7,69.7,2133,,LATEHAR,
Jharkhand,Latehar,IMD110-P2133,1926,39.6,2.3,116.2,10.2,43.5,54.5,456.9,495.0,386.6,24.5,1.5,29.1,1659.8,41.9,169.9,1392.9,55.2,2133,,LATEHAR,
Jharkhand,Latehar,IMD110-P2133,1927,28.5,135.1,37.8,0.2,12.9,31.2,459.7,370.7,212.6,40.5,56.9,0.0,1386.1,163.6,51.0,1074.2,97.4,2133,,LATEHAR,
Jharkhand,Latehar,IMD110-P2133,1928,53.7,13.5,1.2,38.3,20.3,294.8,348.3,249.1,141.4,156.2,0.0,14.4,1331.2,67.2,59.8,1033.6,170.5,2133,,LATEHAR,
Jharkhand,Latehar,IMD110-P2133,1929,62.5,6.8,8.7,5.4,9.8,62.5,577.6,534.8,95.2,251.3,0.0,65.9,1680.3,69.2,23.9,1270.1,317.1,2133,,LATEHAR,
Jharkhand,Latehar,IMD110-P2133,1930,0.0,0.5,3.3,38.0,0.3,119.0,714.8,474.2,229.4,11.6,127.4,6.6,1725.2,0.5,41.7,1537.5,145.7,2133,,LATEHAR,
Jharkhand,Latehar,IMD110-P2133,1931,2.1,169.7,20.3,0.8,17.7,59.5,357.0,334.0,139.8,99.2,18.1,1.1,1219.3,171.8,38.8,890.2,118.5,2133,,LATEHAR,
Jharkhand,Latehar,IMD110-P2133,1932,0.0,41.8,0.8,6.3,20.6,99.1,418.4,368.5,175.4,61.4,90.1,0.8,1283.2,41.8,27.6,1061.4,152.3,2133,,LATEHAR,
Jharkhand,Latehar,IMD110-P2133,1933,100.9,88.0,4.9,22.0,52.9,312.3,296.6,288.6,134.3,124.4,0.0,10.5,1435.4,188.9,79.8,1031.7,134.9,2133,,LATEHAR,
Jharkhand,Latehar,IMD110-P2133,1934,18.0,1.9,2.9,5.0,0.0,117.1,382.2,416.8,278.4,41.8,37.3,0.1,1301.4,19.9,7.9,1194.4,79.2,2133,,LATEHAR,
Jharkhand,Latehar,IMD110-P2133,1935,74.1,11.2,4.2,24.4,0.0,114.5,369.8,561.1,154.5,0.0,0.0,0.0,1313.8,85.2,28.6,1200.0,0.0,2134,,LATEHAR,
Jharkhand,Latehar,IMD110-P2133,1936,20.4,25.3,19.1,6.5,57.1,251.4,348.7,351.3,325.7,158.7,22.6,28.0,1614.9,45.7,82.8,1277.1,209.3,2134,,LATEHAR,
Jharkhand,Latehar,IMD110-P2133,1937,0.0,120.0,3.9,13.4,24.3,146.1,514.8,366.6,271.1,155.6,0.0,0.0,1615.8,120.0,41.6,1298.6,155.6,2134,,LATEHAR,
Jharkhand,Latehar,IMD110-P2133,1938,48.5,56.1,0.6,0.4,53.8,193.0,239.8,311.6,255.4,22.3,2.5,0.0,1183.9,104.6,54.8,999.7,24.8,2134,,LATEHAR,
Jharkhand,Latehar,IMD110-P2133,1939,24.6,46.2,38.1,10.2,3.3,258.8,408.3,347.2,281.9,52.2,0.0,0.0,1470.6,70.7,51.5,1296.2,52.2,2134,,LATEHAR,
Jharkhand,Latehar,IMD110-P2133,1940,0.0,38.3,70.6,17.6,12.4,84.3,334.2,303.9,133.4,65.9,0.0,43.3,1103.8,38.3,100.5,855.8,109.1,2134,,LATEHAR,
Jharkhand,Latehar,IMD110-P2133,1941,57.9,8.8,8.7,1.6,13.0,345.1,288.3,351.0,196.6,95.0,3.9,0.0,1369.8,66.7,23.3,1181.0,98.9,2134,,LATEHAR,
Jharkhand,Latehar,IMD110-P2133,1942,7.5,72.9,52.0,18.2,8.7,151.6,424.5,387.2,313.4,13.8,0.0,0.2,1449.8,80.4,78.9,1276.6,13.9,2134,,LATEHAR,
Jharkhand,Latehar,IMD110-P2133,1943,91.7,14.5,5.6,15.3,51.3,68.5,458.0,569.5,251.1,96.1,0.0,0.0,1621.6,106.3,72.2,1347.2,96.1,2134,,LATEHAR,
Jharkhand,Latehar,IMD110-P2133,1944,26.0,98.0,91.1,10.3,12.0,103.0,361.5,569.4,133.2,117.5,6.6,2.7,1531.3,124.0,113.3,1167.1,126.8,2134,,LATEHAR,
Jharkhand,Latehar,IMD110-P2133,1945,56.4,24.0,0.0,5.9,17.0,244.4,226.8,251.6,314.8,116.4,0.2,2.5,1260.2,80.4,23.0,1037.6,119.1,2134,,LATEHAR,
Jharkhand,Latehar,IMD110-P2133,1946,0.0,12.9,21.2,21.7,48.1,294.7,395.0,389.5,345.7,193.0,50.5,0.2,1772.5,12.9,90.9,1425.0,243.6,2134,,LATEHAR,
Jharkhand,Latehar,IMD110-P2133,1947,21.2,25.0,49.9,0.0,0.5,104.2,259.6,354.7,259.0,107.5,0.0,14.8,1196.4,46.2,50.4,977.6,122.3,2134,,LATEHAR,
Jharkhand,Latehar,IMD110-P2133,1948,56.8,30.3,42.0,9.4,11.7,218.6,314.1,265.3,239.9,100.7,77.4,0.0,1366.2,87.1,63.1,1037.9,178.1,2134,,LATEHAR,
Jharkhand,Latehar,IMD110-P2133,1949,35.2,24.9,12.3,15.3,42.7,124.5,397.3,436.7,206.7,92.3,0.0,1.6,1389.5,60.0,70.4,1165.2,93.9,2134,,LATEHAR,
Jharkhand,Latehar,IMD110-P2133,1950,0.9,33.2,37.0,0.0,11.5,203.5,356.0,450.9,138.9,7.4,0.8,7.0,1247.2,34.1,48.5,1149.4,15.2,2134,,LATEHAR,
Jharkhand,Latehar,IMD110-P2133,1951,8.0,0.1,52.8,31.4,16.5,214.2,236.9,267.4,205.5,80.0,0.4,0.0,1113.2,8.1,100.7,924.0,80.4,2134,,LATEHAR,
Jharkhand,Latehar,IMD110-P2133,1952,8.7,20.8,26.6,5.7,34.2,160.9,286.5,379.9,156.8,38.9,0.0,5.1,1124.0,29.5,66.5,984.1,43.9,2134,,LATEHAR,
Jharkhand,Latehar,IMD110-P2133,1953,34.8,10.5,5.9,3.2,15.4,228.5,513.1,401.6,248.0,8.6,0.4,0.0,1470.1,45.3,24.5,1391.3,9.1,2134,,LATEHAR,
Jharkhand,Latehar,IMD110-P2133,1954,11.8,13.4,16.4,0.5,5.1,171.4,206.9,219.1,235.1,31.1,0.0,3.1,913.9,25.1,22.1,832.5,34.2,2134,,LATEHAR,
Jharkhand,Latehar,IMD110-P2133,1955,74.4,13.2,4.1,0.1,8.6,66.9,328.2,176.9,139.6,75.7,1.2,0.1,889.0,87.6,12.8,711.6,77.0,2134,,LATEHAR,
Jharkhand,Latehar,IMD110-P2133,1956,10.4,24.6,33.5,0.3,67.3,249.8,306.1,321.2,335.3,132.6,12.0,8.4,1501.3,34.9,101.0,1212.3,153.1,2134,,LATEHAR,
Jharkhand,Latehar,IMD110-P2133,1957,33.6,17.3,56.9,3.1,4.7,98.8,681.3,309.8,201.7,5.8,0.0,0.0,1412.9,50.9,64.7,1291.6,5.8,2134,,LATEHAR,
Jharkhand,Latehar,IMD110-P2133,1958,14.5,46.0,21.4,18.3,6.0,117.3,478.9,248.4,225.3,120.7,0.0,0.0,1296.8,60.5,45.7,1069.8,120.7,2134,,LATEHAR,
Jharkhand,Latehar,IMD110-P2133,1959,63.5,3.1,0.6,4.5,15.3,90.0,284.0,299.2,265.3,154.0,0.0,0.0,1179.4,66.6,20.3,938.5,154.0,2134,,LATEHAR,
Jharkhand,Latehar,IMD110-P2133,1960,3.3,0.0,29.2,1.4,0.6,97.5,292.6,506.0,262.3,26.9,0.0,0.0,1219.7,3.3,31.1,1158.4,26.9,2134,,LATEHAR,
Jharkhand,Latehar,IMD110-P2133,1961,11.9,87.1,8.4,2.6,1.7,388.2,328.8,399.6,275.9,117.5,0.0,7.1,1628.8,99.0,12.7,1392.4,124.6,2134,,LATEHAR,
Jharkhand,Latehar,IMD110-P2133,1962,3.4,15.4,3.3,2.9,8.1,133.8,277.9,283.8,227.2,39.7,0.0,30.1,1025.6,18.8,14.4,922.6,69.7,2134,,LATEHAR,
Jharkhand,Latehar,IMD110-P2133,1963,4.4,9.1,13.2,13.0,37.5,100.1,356.5,266.2,215.3,274.5,2.7,0.0,1292.3,13.5,63.6,938.1,277.1,2134,,LATEHAR,
Jharkhand,Latehar,IMD110-P2133,1964,8.4,7.6,0.0,0.0,24.8,281.0,368.7,313.3,319.4,59.0,8.9,0.0,1391.1,16.0,24.8,1282.4,67.9,2134,,LATEHAR,
Jharkhand,Latehar,IMD110-P2133,1965,0.0,7.7,23.9,40.6,6.1,85.0,442.7,230.8,339.2,52.3,0.0,0.3,1228.5,7.7,70.5,1097.7,52.6,2134,,LATEHAR,
Jharkhand,Latehar,IMD110-P2133,1966,14.5,0.9,0.3,18.4,0.0,223.6,92.8,253.6,61.7,5.9,21.4,19.3,712.3,15.4,18.6,631.6,46.6,2134,,LATEHAR,
Jharkhand,Latehar,IMD110-P2133,1967,0.0,0.0,41.1,5.8,29.6,69.7,340.8,742.2,371.4,9.8,0.5,41.3,1652.1,0.0,76.5,1524.0,51.6,2134,,LATEHAR,
Jharkhand,Latehar,IMD110-P2133,1968,55.8,15.8,4.3,1.3,16.9,147.2,291.7,413.2,117.8,42.6,0.0,17.7,1124.3,71.6,22.4,969.9,60.3,2134,,LATEHAR,
Jharkhand,Latehar,IMD110-P2133,1969,13.6,11.7,0.7,49.3,104.2,102.6,339.0,220.8,177.1,9.5,7.1,0.0,1035.6,25.3,154.2,839.5,16.5,2135,,LATEHAR,
Jharkhand,Latehar,IMD110-P2133,1970,28.6,33.5,49.1,0.0,23.9,179.9,364.6,290.2,478.7,43.1,0.0,0.0,1491.6,62.1,73.1,1313.4,43.1,2135,,LATEHAR,
Jharkhand,Latehar,IMD110-P2133,1971,56.6,8.8,2.4,76.2,109.8,393.8,518.4,560.1,220.7,55.0,0.0,0.0,2001.8,65.4,188.4,1693.0,55.0,2135,,LATEHAR,
Jharkhand,Latehar,IMD110-P2133,1972,14.9,48.5,0.0,17.0,0.0,22.2,332.9,337.0,88.2,17.4,37.5,0.0,915.6,63.4,17.0,780.3,54.9,2135,,LATEHAR,
Jharkhand,Latehar,IMD110-P2133,1973,19.0,26.2,7.0,0.0,31.1,97.1,,346.6,286.6,237.0,1.0,,,45.2,38.1,,,2135,missing_months,LATEHAR,
Jharkhand,Latehar,IMD110-P2133,1974,0.0,,,0.0,49.0,34.3,392.0,405.4,99.6,88.2,0.0,0.0,,,,931.3,88.2,2135,missing_months,LATEHAR,
Jharkhand,Latehar,IMD110-P2133,1975,22.3,13.7,52.9,8.5,4.4,110.8,602.5,250.0,204.1,71.0,0.0,0.0,1340.0,35.9,65.7,1167.3,71.0,2135,,LATEHAR,
Jharkhand,Latehar,IMD110-P2133,1976,0.0,12.7,0.0,32.0,31.0,119.6,410.6,237.4,659.7,0.5,0.6,0.0,1504.2,12.7,63.0,1427.4,1.1,2135,,LATEHAR,
Jharkhand,Latehar,IMD110-P2133,1977,12.0,8.8,0.7,45.5,78.0,143.2,773.4,257.6,327.0,36.5,85.0,28.1,1795.8,20.8,124.2,1501.3,149.6,2135,,LATEHAR,
Jharkhand,Latehar,IMD110-P2133,1978,7.9,61.4,74.8,13.7,6.0,417.7,286.6,613.5,567.1,145.0,10.7,13.3,2217.6,69.3,94.5,1884.8,169.0,2135,,LATEHAR,
Jharkhand,Latehar,IMD110-P2133,1979,27.5,88.7,5.3,7.0,0.0,126.5,352.6,175.6,126.4,33.7,65.3,0.0,1008.7,116.2,12.3,781.2,99.1,2135,,LATEHAR,
Jharkhand,Latehar,IMD110-P2133,1980,3.6,11.6,54.3,32.8,11.7,214.3,304.5,260.0,259.1,49.9,0.0,6.3,1208.1,15.2,98.7,1037.9,56.2,2135,,LATEHAR,
Jharkhand,Latehar,IMD110-P2133,1981,49.6,16.9,9.4,8.9,22.4,83.2,345.5,220.5,185.9,0.0,0.0,12.0,954.1,66.5,40.6,835.0,12.0,2135,,LATEHAR,
Jharkhand,Latehar,IMD110-P2133,1982,7.5,32.8,61.3,36.0,74.3,116.2,140.8,421.1,200.0,190.6,9.9,15.1,1305.6,40.3,171.6,878.1,215.6,2135,,LATEHAR,
Jharkhand,Latehar,IMD110-P2133,1983,1.4,44.1,1.4,80.1,113.0,149.0,288.6,165.7,253.0,89.2,0.0,10.4,1195.9,45.5,194.5,856.3,99.6,2135,,LATEHAR,
Jharkhand,Latehar,IMD110-P2133,1984,45.3,74.6,0.0,2.9,11.4,397.8,371.4,386.7,108.6,26.8,0.0,0.0,1425.3,119.9,14.3,1264.4,26.8,2135,,LATEHAR,
Jharkhand,Latehar,IMD110-P2133,1985,26.2,3.6,0.3,12.1,13.2,68.2,309.9,374.5,187.1,134.7,5.1,0.0,1134.9,29.8,25.6,939.7,139.8,2135,,LATEHAR,
Jharkhand,Latehar,IMD110-P2133,1986,6.8,15.7,0.3,5.4,62.3,300.3,337.9,151.6,156.0,103.1,13.3,80.5,1233.1,22.4,68.0,945.8,196.9,2135,,LATEHAR,
Jharkhand,Latehar,IMD110-P2133,1987,6.9,17.0,7.7,13.4,66.4,3.5,387.8,275.0,445.8,38.7,25.7,2.4,1290.4,23.9,87.5,1112.2,66.8,2135,,LATEHAR,
Jharkhand,Latehar,IMD110-P2133,1988,0.0,29.2,51.9,8.6,3.1,229.1,321.6,217.8,43.5,10.7,0.1,7.9,923.4,29.2,63.6,812.0,18.6,2135,,LATEHAR,
Jharkhand,Latehar,IMD110-P2133,1989,2.7,0.0,2.9,0.0,28.3,192.4,269.4,221.7,177.9,28.8,16.7,25.5,966.3,2.7,31.2,861.4,71.0,2135,,LATEHAR,
Jharkhand,Latehar,IMD110-P2133,1990,0.0,32.1,19.9,3.7,20.2,137.1,356.1,143.6,194.1,55.4,1.3,0.6,964.2,32.1,43.8,831.0,57.3,2135,,LATEHAR,
Jharkhand,Latehar,IMD110-P2133,1991,9.1,9.9,21.4,0.0,18.5,164.6,371.5,405.7,252.1,23.2,0.0,6.7,1282.6,19.0,39.9,1193.9,29.8,2135,,LATEHAR,
Jharkhand,Latehar,IMD110-P2133,1992,0.0,0.0,0.0,8.2,35.6,53.3,212.3,302.0,50.8,20.6,0.2,0.0,683.0,0.0,43.8,618.4,20.8,2135,,LATEHAR,
Jharkhand,Latehar,IMD110-P2133,1993,0.0,0.6,5.5,1.5,15.3,211.9,197.2,260.9,316.2,35.0,7.6,0.0,1051.8,0.6,22.3,986.3,42.6,2135,,LATEHAR,
Jharkhand,Latehar,IMD110-P2133,1994,13.7,11.0,2.1,17.2,10.3,578.3,435.2,443.9,194.5,86.5,0.0,0.0,1792.8,24.7,29.6,1652.0,86.5,2135,,LATEHAR,
Jharkhand,Latehar,IMD110-P2133,1995,15.0,18.8,35.3,2.6,10.0,87.7,365.8,291.9,391.9,14.7,106.7,26.2,1366.5,33.8,47.8,1137.3,147.5,2135,,LATEHAR,
Jharkhand,Latehar,IMD110-P2133,1996,16.3,22.8,2.6,0.2,1.5,382.6,359.9,366.5,136.0,22.8,0.0,0.0,1311.1,39.1,4.3,1244.9,22.8,2135,,LATEHAR,
Jharkhand,Latehar,IMD110-P2133,1997,7.7,2.1,0.0,6.5,118.1,281.4,440.0,531.7,212.0,54.3,30.5,42.4,1726.6,9.8,124.6,1465.1,127.1,2135,,LATEHAR,
Jharkhand,Latehar,IMD110-P2133,1998,81.9,42.6,59.5,7.1,25.5,76.8,289.4,312.8,281.7,75.1,7.9,0.0,1260.2,124.5,92.1,960.6,83.0,2135,,LATEHAR,
Jharkhand,Latehar,IMD110-P2133,1999,0.0,0.0,0.0,0.0,53.0,220.8,468.9,233.7,174.2,116.3,8.1,0.0,1274.8,0.0,53.0,1097.6,124.3,2135,,LATEHAR,
Jharkhand,Latehar,IMD110-P2133,2000,0.9,3.3,7.0,1.1,6.8,187.2,421.2,162.9,316.4,23.9,0.0,0.0,1130.6,4.2,14.9,1087.7,23.9,2135,,LATEHAR,
Jharkhand,Latehar,IMD110-P2133,2001,4.0,6.5,30.6,6.0,37.7,295.7,464.8,305.4,110.3,64.6,0.0,0.0,1325.5,10.4,74.4,1176.2,64.6,2135,,LATEHAR,
Jharkhand,Latehar,IMD110-P2133,2002,1.0,7.7,16.2,1.1,5.6,114.2,188.8,315.6,299.4,72.1,0.0,0.7,1022.4,8.7,22.9,918.0,72.8,2135,,LATEHAR,
Jharkhand,Latehar,IMD110-P2133,2003,32.9,29.0,28.1,5.8,3.8,101.9,234.0,313.8,280.4,345.8,0.5,8.1,1384.1,61.9,37.6,930.2,354.4,2136,,LATEHAR,
Jharkhand,Latehar,IMD110-P2133,2004,4.6,9.0,1.7,11.1,0.0,86.2,135.4,257.9,172.9,85.0,0.0,0.0,763.9,13.6,12.8,652.5,85.0,2136,,LATEHAR,
Jharkhand,Latehar,IMD110-P2133,2005,7.1,15.7,9.1,5.8,10.3,143.1,247.0,341.4,146.3,12.6,0.0,1.5,939.9,22.8,25.2,877.8,14.1,2136,,LATEHAR,
Jharkhand,Latehar,IMD110-P2133,2006,0.0,0.0,28.6,8.8,59.3,179.1,350.1,292.3,193.0,8.0,1.5,0.0,1120.8,0.0,96.8,1014.6,9.5,2136,,LATEHAR,
Jharkhand,Latehar,IMD110-P2133,2007,0.0,0.0,16.8,3.9,41.0,65.0,239.1,398.5,257.0,42.3,0.0,0.0,1063.6,0.0,61.7,959.6,42.3,2136,,LATEHAR,
Jharkhand,Latehar,IMD110-P2133,2008,17.9,0.3,1.0,8.2,19.4,400.9,329.1,212.1,43.6,11.7,0.0,0.0,1044.1,18.2,28.5,985.7,11.7,2136,,LATEHAR,
Jharkhand,Latehar,IMD110-P2133,2009,0.0,0.0,0.0,0.0,51.0,0.0,233.0,260.6,0.0,0.0,0.0,0.0,544.6,0.0,51.0,493.6,0.0,2136,,LATEHAR,
Jharkhand,Latehar,IMD110-P2133,2010,0.0,0.0,0.0,0.0,0.0,0.0,0.0,0.0,0.0,0.0,0.0,0.0,0.0,0.0,0.0,0.0,0.0,2136,,LATEHAR,
Jharkhand,Lohardaga,IMD110-P2137,1901,120.9,109.2,6.9,18.3,2.5,107.8,161.5,445.6,307.1,111.2,0.0,0.0,1391.0,230.1,27.7,1022.0,111.2,2137,,LOHARDAGA,
Jharkhand,Lohardaga,IMD110-P2137,1902,5.1,12.5,20.9,3.0,27.7,80.3,436.3,186.8,221.6,12.4,20.6,0.0,1027.2,17.6,51.6,925.0,33.0,2137,,LOHARDAGA,
Jharkhand,Lohardaga,IMD110-P2137,1903,17.2,8.5,9.5,22.5,62.7,68.7,295.8,468.8,223.4,333.5,0.0,0.0,1510.6,25.7,94.7,1056.7,333.5,2137,,LOHARDAGA,
Jharkhand,Lohardaga,IMD110-P2137,1904,0.0,11.7,101.4,0.0,69.3,481.5,553.8,498.8,90.6,44.9,2.0,0.0,1854.0,11.7,170.7,1624.7,46.9,2137,,LOHARDAGA,
Jharkhand,Lohardaga,IMD110-P2137,1905,80.7,34.6,34.1,30.1,27.7,13.5,291.5,249.7,312.4,30.2,0.0,4.6,1109.1,115.3,91.9,867.1,34.8,2137,,LOHARDAGA,
Jharkhand,Lohardaga,IMD110-P2137,1906,56.4,176.7,23.4,0.0,20.9,110.5,500.5,200.0,368.5,53.3,0.0,1.5,1511.7,233.1,44.3,1179.5,54.8,2137,,LOHARDAGA,
Jharkhand,Lohardaga,IMD110-P2137,1907,2.0,74.8,104.8,18.1,45.0,163.6,202.4,728.6,187.1,0.0,0.0,11.9,1538.3,76.8,167.9,1281.7,11.9,2137,,LOHARDAGA,
Jharkhand,Lohardaga,IMD110-P2137,1908,3.8,49.0,5.3,0.0,31.5,77.0,320.6,255.7,87.4,40.1,0.0,0.0,870.4,52.8,36.8,740.7,40.1,2137,,LOHARDAGA,
Jharkhand,Lohardaga,IMD110-P2137,1909,28.3,0.0,0.0,70.6,34.2,,,,107.3,,0.0,41.2,,28.3,104.8,,,2137,missing_months,LOHARDAGA,
Jharkhand,Lohardaga,IMD110-P2137,1910,3.8,0.0,0.0,40.4,2.0,,317.4,366.0,248.5,121.6,18.0,0.0,,3.8,42.4,,139.6,2137,missing_months,LOHARDAGA,
Jharkhand,Lohardaga,IMD110-P2137,1911,0.0,0.0,38.9,1.3,30.5,294.5,157.5,374.3,211.1,52.6,52.4,0.0,1213.1,0.0,70.7,1037.4,105.0,2137,,LOHARDAGA,
Jharkhand,Lohardaga,IMD110-P2137,1912,0.0,36.2,1.1,23.4,16.0,77.0,558.0,284.1,139.5,19.8,20.0,0.0,1175.1,36.2,40.5,1058.6,39.8,2137,,LOHARDAGA,
Jharkhand,Lohardaga,IMD110-P2137,1913,0.8,175.8,55.9,0.0,49.7,313.1,367.0,211.5,96.4,29.9,25.4,8.6,1334.1,176.6,105.6,988.0,63.9,2137,,LOHARDAGA,
Jharkhand,Lohardaga,IMD110-P2137,1914,0.0,13.9,17.0,13.5,109.3,108.8,265.2,418.6,90.1,13.5,0.0,4.8,1054.7,13.9,139.8,882.7,18.3,2137,,LOHARDAGA,
Jharkhand,Lohardaga,IMD110-P2137,1915,30.3,72.3,53.9,9.7,98.6,63.8,252.8,195.4,225.0,27.9,33.6,0.0,1063.3,102.6,162.2,737.0,61.5,2137,,LOHARDAGA,
Jharkhand,Lohardaga,IMD110-P2137,1916,0.0,20.1,0.0,18.5,11.2,229.4,198.5,294.1,159.1,351.1,0.0,0.0,1282.0,20.1,29.7,881.1,351.1,2137,,LOHARDAGA,
Jharkhand,Lohardaga,IMD110-P2137,1917,4.8,47.0,18.8,8.1,44.1,216.5,309.6,367.1,269.6,246.7,0.0,1.8,1534.1,51.8,71.0,1162.8,248.5,2137,,LOHARDAGA,
Jharkhand,Lohardaga,IMD110-P2137,1918,6.1,2.0,1.3,2.5,73.9,366.5,20.3,316.8,183.6,0.0,0.0,6.1,979.1,8.1,77.7,887.2,6.1,2137,,LOHARDAGA,
Jharkhand,Lohardaga,IMD110-P2137,1919,166.4,26.9,44.9,6.3,70.3,403.5,363.4,584.9,232.7,170.7,0.0,0.0,2070.0,193.3,121.5,1584.5,170.7,2137,,LOHARDAGA,
Jharkhand,Lohardaga,IMD110-P2137,1920,0.0,9.1,42.1,2.1,25.4,64.7,624.0,293.8,76.8,0.0,0.0,0.0,1138.0,9.1,69.6,1059.3,0.0,2137,,LOHARDAGA,
Jharkhand,Lohardaga,IMD110-P2137,1921,36.3,29.5,0.0,21.6,0.0,337.2,293.5,409.8,246.1,25.4,0.0,0.0,1399.4,65.8,21.6,1286.6,25.4,2137,,LOHARDAGA,
Jharkhand,Lohardaga,IMD110-P2137,1922,16.0,2.3,0.0,21.0,7.6,299.7,333.5,365.7,250.7,54.1,33.1,5.4,1389.1,18.3,28.6,1249.6,92.6,2137,,LOHARDAGA,
Jharkhand,Lohardaga,IMD110-P2137,1923,2.0,67.2,0.0,3.3,5.0,142.7,678.0,501.0,84.7,39.8,23.4,0.0,1547.1,69.2,8.3,1406.4,63.2,2137,,LOHARDAGA,
Jharkhand,Lohardaga,IMD110-P2137,1924,47.7,39.4,0.8,7.6,57.5,120.7,747.0,165.2,248.2,128.7,161.3,0.0,1724.1,87.1,65.9,1281.1,290.0,2137,,LOHARDAGA,
Jharkhand,Lohardaga,IMD110-P2137,1925,1.5,2.5,0.0,23.1,50.7,290.1,472.5,278.2,119.6,29.3,3.3,0.0,1270.8,4.0,73.8,1160.4,32.6,2137,,LOHARDAGA,
Jharkhand,Lohardaga,IMD110-P2137,1926,30.2,7.1,216.5,17.0,64.1,45.2,357.8,387.2,377.5,36.6,19.3,46.4,1604.9,37.3,297.6,1167.7,102.3,2137,,LOHARDAGA,
Jharkhand,Lohardaga,IMD110-P2137,1927,14.7,130.5,27.7,0.0,26.7,64.2,429.5,280.1,119.2,52.6,53.3,0.0,1198.5,145.2,54.4,893.0,105.9,2137,,LOHARDAGA,
Jharkhand,Lohardaga,IMD110-P2137,1928,53.3,14.3,6.1,22.4,33.2,216.2,302.9,175.1,123.5,346.9,0.0,2.3,1296.2,67.6,61.7,817.7,349.2,2137,,LOHARDAGA,
Jharkhand,Lohardaga,IMD110-P2137,1929,104.2,26.1,15.5,17.8,8.9,109.0,451.3,357.1,34.8,262.0,0.0,67.0,1453.7,130.3,42.2,952.2,329.0,2137,,LOHARDAGA,
Jharkhand,Lohardaga,IMD110-P2137,1930,0.0,2.5,5.3,62.8,0.3,102.9,574.9,542.7,183.1,41.2,149.9,6.1,1671.7,2.5,68.4,1403.6,197.2,2137,,LOHARDAGA,
Jharkhand,Lohardaga,IMD110-P2137,1931,15.7,171.9,27.9,2.8,18.6,58.4,399.3,287.9,95.2,123.8,7.1,0.0,1208.6,187.6,49.3,840.8,130.9,2137,,LOHARDAGA,
Jharkhand,Lohardaga,IMD110-P2137,1932,0.0,27.9,2.3,12.2,22.4,120.2,324.3,306.3,108.3,27.7,123.7,1.0,1076.3,27.9,36.9,859.1,152.4,2137,,LOHARDAGA,
Jharkhand,Lohardaga,IMD110-P2137,1933,107.7,,12.4,15.7,47.8,241.7,421.5,237.7,196.6,138.8,0.0,9.1,,,75.9,1097.5,147.9,2137,missing_months,LOHARDAGA,
Jharkhand,Lohardaga,IMD110-P2137,1934,10.9,2.5,0.0,48.8,10.4,203.1,322.0,389.8,212.1,59.6,88.4,0.0,1347.6,13.4,59.2,1127.0,148.0,2138,,LOHARDAGA,
Jharkhand,Lohardaga,IMD110-P2137,1935,89.4,24.3,8.5,108.6,1.0,146.5,278.3,523.5,111.1,0.0,0.0,0.0,1291.2,113.7,118.1,1059.4,0.0,2138,,LOHARDAGA,
Jharkhand,Lohardaga,IMD110-P2137,1936,30.0,27.7,27.9,16.3,78.7,418.2,592.7,498.2,433.3,231.4,79.7,6.9,2441.0,57.7,122.9,1942.4,318.0,2138,,LOHARDAGA,
Jharkhand,Lohardaga,IMD110-P2137,1937,0.0,104.5,0.0,7.3,101.8,125.9,595.8,349.8,201.2,145.8,0.0,0.0,1632.1,104.5,109.1,1272.7,145.8,2138,,LOHARDAGA,
Jharkhand,Lohardaga,IMD110-P2137,1938,75.9,35.1,0.0,3.0,20.4,255.7,469.6,469.2,311.7,35.0,17.3,0.0,1692.9,111.0,23.4,1506.2,52.3,2138,,LOHARDAGA,
Jharkhand,Lohardaga,IMD110-P2137,1939,15.5,82.3,80.6,22.1,4.1,267.3,305.5,353.6,296.1,119.2,0.0,0.0,1546.3,97.8,106.8,1222.5,119.2,2138,,LOHARDAGA,
Jharkhand,Lohardaga,IMD110-P2137,1940,0.0,30.0,125.6,19.3,27.4,112.5,313.3,303.1,135.7,66.1,0.0,31.0,1164.0,30.0,172.3,864.6,97.1,2138,,LOHARDAGA,
Jharkhand,Lohardaga,IMD110-P2137,1941,53.3,8.9,6.9,1.0,3.3,354.9,286.2,372.5,189.4,166.5,15.2,1.3,1459.4,62.2,11.2,1203.0,183.0,2138,,LOHARDAGA,
Jharkhand,Lohardaga,IMD110-P2137,1942,18.6,96.5,12.0,14.4,16.0,174.3,622.7,407.1,180.2,15.0,0.0,1.5,1558.3,115.1,42.4,1384.3,16.5,2138,,LOHARDAGA,
Jharkhand,Lohardaga,IMD110-P2137,1943,64.9,11.7,1.0,17.4,70.1,97.8,396.4,409.5,163.5,94.6,0.0,0.0,1326.9,76.6,88.5,1067.2,94.6,2138,,LOHARDAGA,
Jharkhand,Lohardaga,IMD110-P2137,1944,69.0,92.6,71.0,29.0,1.0,151.2,275.7,407.9,247.9,184.7,27.4,0.0,1557.4,161.6,101.0,1082.7,212.1,2138,,LOHARDAGA,
Jharkhand,Lohardaga,IMD110-P2137,1945,65.8,17.8,0.0,5.6,19.0,226.9,260.1,304.6,215.5,93.5,19.1,1.5,1229.4,83.6,24.6,1007.1,114.1,2138,,LOHARDAGA,
Jharkhand,Lohardaga,IMD110-P2137,1946,0.0,14.8,63.7,49.6,88.6,255.6,281.6,425.9,231.0,136.5,39.2,0.0,1586.5,14.8,201.9,1194.1,175.7,2138,,LOHARDAGA,
Jharkhand,Lohardaga,IMD110-P2137,1947,10.4,27.7,89.2,0.0,18.3,124.3,411.1,419.8,255.1,119.2,0.0,31.5,1506.6,38.1,107.5,1210.3,150.7,2138,,LOHARDAGA,
Jharkhand,Lohardaga,IMD110-P2137,1948,5.8,18.3,26.5,0.0,37.9,213.2,432.6,277.8,252.9,75.3,122.1,0.0,1462.4,24.1,64.4,1176.5,197.4,2138,,LOHARDAGA,
Jharkhand,Lohardaga,IMD110-P2137,1949,21.3,19.3,,66.6,57.9,162.6,334.9,348.7,116.9,113.9,0.0,0.0,,40.6,,963.1,113.9,2138,missing_months,LOHARDAGA,
Jharkhand,Lohardaga,IMD110-P2137,1950,0.0,20.6,56.5,0.0,14.5,,369.5,381.0,183.5,5.4,1.3,5.6,,20.6,71.0,,12.3,2138,missing_months,LOHARDAGA,
Jharkhand,Lohardaga,IMD110-P2137,1951,15.2,0.0,61.6,65.3,26.8,294.6,196.4,279.1,276.7,74.1,2.0,0.0,1291.8,15.2,153.7,1046.8,76.1,2138,,LOHARDAGA,
Jharkhand,Lohardaga,IMD110-P2137,1952,15.3,17.5,15.2,9.4,38.6,247.6,309.9,301.7,122.6,55.9,0.0,0.0,1133.7,32.8,63.2,981.8,55.9,2138,,LOHARDAGA,
Jharkhand,Lohardaga,IMD110-P2137,1953,42.7,18.8,0.0,9.7,14.0,90.7,383.5,232.5,344.3,25.9,0.5,0.0,1162.6,61.5,23.7,1051.0,26.4,2138,,LOHARDAGA,
Jharkhand,Lohardaga,IMD110-P2137,1954,10.2,0.0,,0.0,,182.9,261.8,309.7,168.7,10.9,0.0,1.0,,10.2,,923.1,11.9,2138,missing_months,LOHARDAGA,
Jharkhand,Lohardaga,IMD110-P2137,1955,42.0,0.0,4.3,0.0,51.5,145.3,383.5,265.2,96.0,71.8,2.0,0.0,1061.6,42.0,55.8,890.0,73.8,2138,,LOHARDAGA,
Jharkhand,Lohardaga,IMD110-P2137,1956,15.2,19.2,88.2,0.0,73.1,291.9,257.1,163.4,197.6,179.3,8.9,17.0,1310.9,34.4,161.3,910.0,205.2,2138,,LOHARDAGA,
Jharkhand,Lohardaga,IMD110-P2137,1957,34.3,18.8,55.6,2.8,6.3,133.5,544.4,273.8,83.5,4.2,0.0,0.0,1157.2,53.1,64.7,1035.2,4.2,2138,,LOHARDAGA,
Jharkhand,Lohardaga,IMD110-P2137,1958,28.9,53.1,28.7,13.7,6.9,56.7,422.8,247.2,248.2,91.4,0.0,0.0,1197.6,82.0,49.3,974.9,91.4,2138,,LOHARDAGA,
Jharkhand,Lohardaga,IMD110-P2137,1959,49.6,3.0,2.0,14.8,58.8,138.7,277.5,258.1,318.3,171.4,0.0,0.0,1292.3,52.6,75.7,992.6,171.4,2138,,LOHARDAGA,
Jharkhand,Lohardaga,IMD110-P2137,1960,11.4,0.0,38.2,0.0,0.0,73.7,294.1,350.9,159.0,0.0,,0.0,,11.4,38.2,877.7,,2138,missing_months,LOHARDAGA,
Jharkhand,Lohardaga,IMD110-P2137,1961,6.7,142.6,0.0,0.1,0.0,479.8,191.6,323.2,159.5,80.8,0.0,,,149.3,0.1,1154.2,,2138,missing_months,LOHARDAGA,
Jharkhand,Lohardaga,IMD110-P2137,1962,7.5,35.0,6.8,13.9,31.6,92.9,188.4,213.6,151.1,24.4,0.0,15.6,780.8,42.5,52.3,646.0,40.0,2138,,LOHARDAGA,
Jharkhand,Lohardaga,IMD110-P2137,1963,0.0,8.5,20.3,49.2,87.7,77.5,316.5,219.7,263.2,315.4,2.7,0.0,1360.7,8.5,157.2,876.9,318.1,2138,,LOHARDAGA,
Jharkhand,Lohardaga,IMD110-P2137,1964,0.0,14.0,34.0,0.0,0.0,136.3,288.4,295.8,190.6,116.8,0.2,0.0,1076.1,14.0,34.0,911.1,117.0,2138,,LOHARDAGA,
Jharkhand,Lohardaga,IMD110-P2137,1965,0.5,0.0,44.9,80.0,3.1,103.6,366.2,133.4,189.7,69.6,0.0,0.0,991.0,0.5,128.0,792.9,69.6,2138,,LOHARDAGA,
Jharkhand,Lohardaga,IMD110-P2137,1966,21.3,9.9,0.0,40.1,0.0,285.6,57.2,227.6,75.2,30.7,34.0,26.2,807.8,31.2,40.1,645.6,90.9,2138,,LOHARDAGA,
Jharkhand,Lohardaga,IMD110-P2137,1967,0.0,0.0,36.6,5.3,29.6,63.0,240.4,559.8,252.4,23.5,0.6,35.7,1246.8,0.0,71.5,1115.5,59.8,2138,,LOHARDAGA,
Jharkhand,Lohardaga,IMD110-P2137,1968,37.0,13.9,17.6,1.0,10.3,163.8,233.9,340.6,97.7,49.5,0.0,5.0,970.2,50.9,28.9,836.0,54.5,2139,,LOHARDAGA,
Jharkhand,Lohardaga,IMD110-P2137,1969,4.5,5.9,4.7,22.4,91.2,95.5,318.3,313.9,122.6,25.0,12.6,0.0,1016.5,10.4,118.3,850.3,37.6,2139,,LOHARDAGA,
Jharkhand,Lohardaga,IMD110-P2137,1970,28.8,23.5,33.7,5.4,20.2,186.7,391.8,341.3,451.7,18.7,0.0,0.0,1501.9,52.3,59.3,1371.6,18.7,2139,,LOHARDAGA,
Jharkhand,Lohardaga,IMD110-P2137,1975,27.5,26.3,16.9,1.9,7.3,153.7,633.0,278.6,222.3,90.1,0.0,0.2,1457.8,53.8,26.1,1287.7,90.3,2139,,LOHARDAGA,
Jharkhand,Lohardaga,IMD110-P2137,1976,0.0,42.3,0.0,39.6,66.2,132.3,298.4,291.0,623.0,5.3,0.0,0.2,1498.2,42.3,105.8,1344.7,5.5,2139,,LOHARDAGA,
Jharkhand,Lohardaga,IMD110-P2137,1977,12.2,14.7,0.0,105.3,83.8,260.0,528.9,270.0,226.7,42.6,53.5,32.3,1630.0,26.9,189.1,1285.6,128.4,2139,,LOHARDAGA,
Jharkhand,Lohardaga,IMD110-P2137,1978,16.1,62.1,52.0,4.4,99.7,319.8,282.6,410.7,431.7,61.9,18.9,15.0,1774.8,78.2,156.1,1444.7,95.8,2139,,LOHARDAGA,
Jharkhand,Lohardaga,IMD110-P2137,1979,43.0,59.6,5.1,6.1,2.0,113.1,294.4,150.9,126.5,0.0,51.3,0.0,852.1,102.6,13.3,684.9,51.3,2139,,LOHARDAGA,
Jharkhand,Lohardaga,IMD110-P2137,1980,7.1,17.4,28.8,24.4,5.8,238.8,325.9,297.9,147.6,20.0,0.0,0.8,1114.2,24.4,58.9,1010.2,20.7,2139,,LOHARDAGA,
Jharkhand,Lohardaga,IMD110-P2137,1981,57.0,44.8,16.9,13.4,74.8,108.2,258.5,204.7,169.0,0.0,4.7,0.0,951.9,101.8,105.1,740.3,4.7,2139,,LOHARDAGA,
Jharkhand,Lohardaga,IMD110-P2137,1982,4.0,23.0,68.3,50.9,69.0,115.3,182.3,369.8,170.6,79.3,3.5,0.1,1136.0,26.9,188.3,837.9,82.8,2139,,LOHARDAGA,
Jharkhand,Lohardaga,IMD110-P2137,1983,2.9,44.8,1.5,23.2,123.1,120.0,267.7,189.6,275.7,71.6,0.0,6.0,1125.8,47.7,147.8,852.9,77.5,2139,,LOHARDAGA,
Jharkhand,Lohardaga,IMD110-P2137,1984,24.8,19.1,0.0,5.9,3.8,238.9,328.3,244.6,119.6,14.4,0.0,0.0,999.4,44.0,9.8,931.3,14.4,2139,,LOHARDAGA,
Jharkhand,Lohardaga,IMD110-P2137,1985,20.5,10.4,0.0,11.7,33.2,87.7,278.6,223.4,163.8,134.5,0.0,0.0,963.5,30.8,44.9,753.3,134.5,2139,,LOHARDAGA,
Jharkhand,Lohardaga,IMD110-P2137,1986,11.4,10.5,2.9,7.2,20.5,223.2,301.7,127.6,94.5,143.9,37.3,59.1,1040.1,21.9,30.7,747.1,240.4,2139,,LOHARDAGA,
Jharkhand,Lohardaga,IMD110-P2137,1987,10.9,7.9,22.7,18.4,30.9,36.3,246.9,187.4,284.2,17.7,55.9,20.0,939.1,18.8,72.0,754.8,93.6,2139,,LOHARDAGA,
Jharkhand,Lohardaga,IMD110-P2137,1988,8.2,15.5,33.5,29.0,17.8,317.6,263.3,287.7,65.8,9.9,0.0,0.0,1048.4,23.8,80.3,934.5,9.9,2139,,LOHARDAGA,
Jharkhand,Lohardaga,IMD110-P2137,1989,3.1,0.0,8.4,0.0,36.7,332.3,162.5,208.3,285.7,13.2,43.8,32.5,1126.5,3.1,45.1,988.9,89.5,2139,,LOHARDAGA,
Jharkhand,Lohardaga,IMD110-P2137,1990,0.0,30.6,35.6,33.1,61.8,166.0,491.4,182.7,290.5,90.2,16.0,0.0,1397.9,30.6,130.5,1130.6,106.2,2139,,LOHARDAGA,
Jharkhand,Lohardaga,IMD110-P2137,1991,5.5,16.8,74.9,23.5,20.1,144.0,308.9,382.8,297.3,32.6,0.0,32.3,1338.6,22.3,118.6,1132.9,64.9,2139,,LOHARDAGA,
Jharkhand,Lohardaga,IMD110-P2137,1992,5.8,2.2,2.2,34.9,60.4,101.6,182.6,311.9,46.2,8.6,0.0,0.0,756.3,8.0,97.5,642.2,8.6,2139,,LOHARDAGA,
Jharkhand,Lohardaga,IMD110-P2137,1993,0.0,8.5,39.4,34.6,10.6,234.7,178.7,179.9,385.0,69.2,7.9,0.0,1148.4,8.5,84.7,978.1,77.1,2139,,LOHARDAGA,
Jharkhand,Lohardaga,IMD110-P2137,1994,26.7,12.1,0.0,30.0,42.7,312.0,419.4,427.5,122.7,57.9,0.0,0.0,1451.0,38.8,72.7,1281.6,57.9,2139,,LOHARDAGA,
Jharkhand,Lohardaga,IMD110-P2137,1995,17.2,16.2,27.7,10.1,21.4,121.6,274.0,230.5,297.4,37.7,74.9,38.3,1167.0,33.4,59.2,923.4,151.0,2139,,LOHARDAGA,
Jharkhand,Lohardaga,IMD110-P2137,1996,25.0,32.5,22.9,1.3,14.9,390.6,330.1,345.0,168.6,36.9,0.0,0.0,1368.0,57.5,39.1,1234.4,36.9,2139,,LOHARDAGA,
Jharkhand,Lohardaga,IMD110-P2137,1997,9.0,0.0,0.0,27.2,16.0,228.4,463.2,433.1,187.6,79.2,42.8,58.0,1544.4,9.0,43.2,1312.3,179.9,2139,,LOHARDAGA,
Jharkhand,Lohardaga,IMD110-P2137,1998,105.7,24.7,56.5,52.8,34.8,105.6,277.7,195.2,264.9,64.2,29.0,0.0,1211.0,130.4,144.0,843.4,93.3,2139,,LOHARDAGA,
Jharkhand,Lohardaga,IMD110-P2137,1999,0.0,0.0,0.0,0.0,68.1,276.4,418.4,258.6,196.3,166.6,0.0,0.0,1384.3,0.0,68.1,1149.7,166.6,2139,,LOHARDAGA,
Jharkhand,Lohardaga,IMD110-P2137,2000,6.0,14.4,11.9,5.2,38.7,98.1,469.4,114.5,255.4,31.0,0.0,0.0,1044.5,20.3,55.8,937.4,31.0,2139,,LOHARDAGA,
Jharkhand,Lohardaga,IMD110-P2137,2001,0.0,11.9,74.6,17.3,43.1,343.1,328.7,139.3,95.2,75.0,0.0,0.0,1128.0,11.9,134.9,906.2,75.0,2139,,LOHARDAGA,
Jharkhand,Lohardaga,IMD110-P2137,2002,3.1,4.4,3.3,2.2,6.2,252.6,275.8,251.7,140.9,61.1,0.0,2.2,1003.6,7.5,11.7,921.1,63.3,2139,,LOHARDAGA,
Jharkhand,Lohardaga,IMD110-P2137,2003,5.9,48.3,37.9,19.3,15.5,233.6,258.2,392.0,295.0,479.4,0.8,37.4,1823.2,54.1,72.7,1178.8,517.6,2139,,LOHARDAGA,
Jharkhand,Lohardaga,IMD110-P2137,2004,21.3,11.0,0.7,48.2,22.3,191.1,240.3,303.6,229.7,193.6,0.0,5.1,1266.8,32.2,71.2,964.7,198.7,2139,,LOHARDAGA,
Jharkhand,Lohardaga,IMD110-P2137,2005,1.9,38.8,,,19.1,221.2,207.3,156.7,168.3,34.4,0.0,5.6,,40.7,,753.5,40.0,2139,missing_months,LOHARDAGA,
Jharkhand,Lohardaga,IMD110-P2137,2006,0.0,0.0,20.2,15.9,208.0,233.9,498.7,386.5,156.6,30.2,3.2,0.0,1553.1,0.0,244.0,1275.7,33.4,2140,,LOHARDAGA,
Jharkhand,Lohardaga,IMD110-P2137,2007,0.0,86.1,38.9,20.5,16.1,129.0,289.6,358.0,233.8,14.7,0.0,0.0,1186.6,86.1,75.5,1010.4,14.7,2140,,LOHARDAGA,
Jharkhand,Lohardaga,IMD110-P2137,2008,9.8,4.2,31.2,22.0,49.9,415.2,256.6,309.4,121.8,49.0,0.0,0.0,1269.1,14.0,103.1,1103.0,49.0,2140,,LOHARDAGA,
Jharkhand,Lohardaga,IMD110-P2137,2009,0.0,0.0,0.9,0.0,119.8,81.5,223.4,196.3,317.1,96.3,18.7,0.0,1053.8,0.0,120.6,818.2,115.0,2140,,LOHARDAGA,
Jharkhand,Lohardaga,IMD110-P2137,2010,1.1,8.8,2.6,18.1,20.9,137.6,182.8,259.0,150.1,97.8,12.8,34.0,925.5,9.9,41.6,729.4,144.6,2140,,LOHARDAGA,
Jharkhand,Pakur,IMD110-P2141,1901,23.0,16.9,3.1,20.8,,,316.0,,205.9,23.9,41.3,0.0,,39.9,,,65.2,2141,missing_months,PAKUR,
Jharkhand,Pakur,IMD110-P2141,1902,0.0,0.0,20.4,97.5,94.8,132.7,445.7,248.2,442.9,47.2,1.2,0.0,1530.5,0.0,212.6,1269.5,48.4,2141,,PAKUR,
Jharkhand,Pakur,IMD110-P2141,1903,11.6,18.7,37.4,3.4,39.7,247.4,143.0,296.1,247.3,131.4,0.0,0.0,1176.0,30.3,80.5,933.8,131.4,2141,,PAKUR,
Jharkhand,Pakur,IMD110-P2141,1904,15.0,1.4,4.3,11.0,269.3,270.2,454.9,304.0,162.8,58.9,22.5,0.0,1574.2,16.3,284.6,1191.9,81.4,2141,,PAKUR,
Jharkhand,Pakur,IMD110-P2141,1905,17.8,46.2,90.5,31.1,173.6,50.1,622.8,603.0,346.0,26.6,0.0,0.4,2008.3,64.0,295.2,1621.9,27.1,2141,,PAKUR,
Jharkhand,Pakur,IMD110-P2141,1906,25.9,108.6,22.0,1.1,61.1,232.3,232.8,367.5,175.5,197.2,14.6,0.0,1438.5,134.5,84.2,1008.1,211.7,2141,,PAKUR,
Jharkhand,Pakur,IMD110-P2141,1907,0.4,11.8,67.2,44.5,89.8,305.4,323.0,293.1,267.1,6.0,0.0,8.4,1416.7,12.3,201.5,1188.6,14.3,2141,,PAKUR,
Jharkhand,Pakur,IMD110-P2141,1908,17.2,20.8,0.3,7.5,43.2,247.9,272.0,197.2,321.8,7.0,0.0,0.0,1134.9,38.0,51.0,1038.9,7.0,2141,,PAKUR,
Jharkhand,Pakur,IMD110-P2141,1909,17.2,12.9,0.0,66.1,83.8,532.0,300.5,435.7,350.8,75.9,0.0,0.0,1874.8,30.1,149.9,1618.9,75.9,2141,,PAKUR,
Jharkhand,Pakur,IMD110-P2141,1910,0.0,44.9,0.0,31.0,69.0,370.9,355.7,566.5,253.5,183.5,15.1,0.0,1890.1,44.9,99.9,1546.7,198.6,2141,,PAKUR,
Jharkhand,Pakur,IMD110-P2141,1911,0.0,0.0,28.7,41.4,43.7,429.7,212.4,403.3,521.3,266.2,3.1,0.0,1949.8,0.0,113.8,1566.8,269.3,2141,,PAKUR,
Jharkhand,Pakur,IMD110-P2141,1912,1.5,3.9,19.1,60.6,112.9,254.2,341.1,258.1,99.0,95.5,71.4,0.0,1317.3,5.4,192.6,952.4,166.9,2141,,PAKUR,
Jharkhand,Pakur,IMD110-P2141,1913,0.0,20.7,24.2,2.8,131.9,442.5,273.7,286.3,261.4,220.4,11.0,35.5,1710.3,20.7,158.9,1263.8,266.9,2141,,PAKUR,
Jharkhand,Pakur,IMD110-P2141,1914,0.0,18.8,14.3,88.6,240.1,168.8,458.7,408.1,163.1,19.0,0.0,4.9,1584.5,18.8,343.0,1198.7,24.0,2141,,PAKUR,
Jharkhand,Pakur,IMD110-P2141,1915,2.5,18.1,24.9,14.7,168.1,297.7,301.4,349.0,240.5,77.2,39.7,0.0,1533.7,20.6,207.7,1188.5,116.9,2141,,PAKUR,
Jharkhand,Pakur,IMD110-P2141,1916,0.0,5.6,0.0,27.1,0.0,449.4,382.1,305.4,370.9,296.9,19.7,0.0,1857.2,5.6,27.1,1507.8,316.6,2141,,PAKUR,
Jharkhand,Pakur,IMD110-P2141,1917,0.8,16.6,24.3,22.2,153.4,306.6,332.7,163.6,305.2,454.6,0.6,0.0,1780.5,17.4,199.9,1108.1,455.2,2141,,PAKUR,
Jharkhand,Pakur,IMD110-P2141,1918,0.7,0.0,2.9,40.5,175.3,374.0,219.5,642.3,244.8,28.6,0.0,0.0,1728.6,0.7,218.7,1480.6,28.6,2141,,PAKUR,
Jharkhand,Pakur,IMD110-P2141,1919,65.6,28.4,6.7,9.4,109.2,267.3,420.3,466.4,317.7,83.1,11.6,0.0,1785.6,94.0,125.3,1471.6,94.7,2141,,PAKUR,
Jharkhand,Pakur,IMD110-P2141,1920,0.0,31.6,61.8,1.1,58.1,131.0,312.4,223.9,376.7,54.7,0.0,0.0,1251.4,31.6,121.0,1044.0,54.7,2141,,PAKUR,
Jharkhand,Pakur,IMD110-P2141,1921,39.3,0.0,0.0,40.2,31.7,274.2,476.1,466.7,440.5,17.1,0.0,0.0,1785.7,39.3,71.9,1657.4,17.1,2141,,PAKUR,
Jharkhand,Pakur,IMD110-P2141,1922,6.3,10.8,0.0,3.4,26.5,801.0,576.6,317.6,368.8,82.1,1.3,0.0,2194.3,17.1,29.9,2063.9,83.4,2141,,PAKUR,
Jharkhand,Pakur,IMD110-P2141,1923,0.0,50.9,0.6,9.5,67.2,199.4,304.2,325.2,261.2,80.4,1.3,0.0,1299.8,50.9,77.3,1090.0,81.7,2141,,PAKUR,
Jharkhand,Pakur,IMD110-P2141,1924,3.9,2.8,0.0,49.6,144.5,225.2,341.6,362.8,672.7,113.7,60.6,0.0,1977.4,6.8,194.1,1602.3,174.3,2141,,PAKUR,
Jharkhand,Pakur,IMD110-P2141,1925,13.1,4.3,39.5,50.8,173.6,187.1,306.1,314.1,327.4,26.4,0.0,0.0,1442.5,17.4,264.0,1134.7,26.4,2141,,PAKUR,
Jharkhand,Pakur,IMD110-P2141,1926,15.0,2.1,53.9,30.4,93.2,129.1,621.2,395.5,377.0,25.2,3.1,29.0,1774.8,17.1,177.5,1522.9,57.3,2141,,PAKUR,
Jharkhand,Pakur,IMD110-P2141,1927,26.5,77.7,22.7,15.9,68.8,109.3,231.3,143.1,149.5,33.2,0.0,0.0,877.9,104.2,107.3,633.3,33.2,2141,,PAKUR,
Jharkhand,Pakur,IMD110-P2141,1928,63.6,3.3,0.6,26.9,56.6,438.7,440.6,300.4,111.2,303.3,0.0,0.0,1745.2,66.9,84.1,1290.8,303.3,2141,,PAKUR,
Jharkhand,Pakur,IMD110-P2141,1929,49.3,0.8,36.1,45.3,158.5,294.9,303.8,246.5,109.9,381.9,0.0,20.6,1647.5,50.1,239.9,955.1,402.5,2141,,PAKUR,
Jharkhand,Pakur,IMD110-P2141,1930,6.6,5.0,3.3,8.6,37.7,202.8,468.2,308.2,196.4,47.4,128.6,0.0,1412.8,11.6,49.7,1175.6,176.0,2141,,PAKUR,
Jharkhand,Pakur,IMD110-P2141,1931,0.0,31.1,50.6,3.2,74.7,218.4,532.6,265.1,394.8,75.8,34.9,1.1,1682.2,31.1,128.4,1410.9,111.8,2141,,PAKUR,
Jharkhand,Pakur,IMD110-P2141,1932,0.0,10.4,0.0,11.3,110.7,116.3,290.6,395.7,176.8,114.0,102.4,0.1,1328.3,10.4,122.0,979.4,216.5,2141,,PAKUR,
Jharkhand,Pakur,IMD110-P2141,1933,64.4,31.3,2.3,53.1,268.7,299.4,257.4,491.2,253.6,88.7,0.0,0.0,1810.2,95.7,324.1,1301.7,88.7,2141,,PAKUR,
Jharkhand,Pakur,IMD110-P2141,1934,50.0,34.0,0.1,26.6,70.2,231.3,262.1,272.9,261.8,48.4,0.1,58.4,1315.9,84.0,96.9,1028.1,106.9,2142,,PAKUR,
Jharkhand,Pakur,IMD110-P2141,1935,10.1,35.0,4.6,7.5,25.7,82.9,125.7,416.6,173.6,17.9,0.0,0.0,899.6,45.1,37.8,798.8,17.9,2142,,PAKUR,
Jharkhand,Pakur,IMD110-P2141,1936,26.5,7.3,6.3,21.4,142.3,197.7,342.1,235.3,541.6,86.8,0.6,1.2,1609.2,33.8,170.0,1316.7,88.6,2142,,PAKUR,
Jharkhand,Pakur,IMD110-P2141,1937,0.0,113.3,2.2,18.3,116.9,183.7,276.2,462.8,376.9,325.3,0.0,0.0,1875.6,113.3,137.4,1299.6,325.3,2142,,PAKUR,
Jharkhand,Pakur,IMD110-P2141,1938,0.3,13.6,0.0,7.9,279.4,415.3,271.6,449.5,292.8,94.6,0.0,0.0,1825.1,13.9,287.3,1429.2,94.6,2142,,PAKUR,
Jharkhand,Pakur,IMD110-P2141,1939,0.3,17.5,32.4,0.6,77.2,382.3,643.4,320.0,266.7,286.1,0.0,0.0,2026.4,17.8,110.2,1612.4,286.1,2142,,PAKUR,
Jharkhand,Pakur,IMD110-P2141,1940,0.0,48.5,109.3,2.4,83.5,132.7,197.6,212.3,169.3,48.2,0.0,8.4,1012.3,48.5,195.2,711.9,56.7,2142,,PAKUR,
Jharkhand,Pakur,IMD110-P2141,1941,33.1,0.0,0.0,21.9,90.9,214.4,290.5,458.3,256.4,149.7,3.4,0.0,1518.7,33.1,112.8,1219.6,153.1,2142,,PAKUR,
Jharkhand,Pakur,IMD110-P2141,1942,0.3,46.1,15.4,38.1,45.9,196.1,250.6,446.1,386.6,96.6,6.6,0.0,1528.4,46.5,99.4,1279.3,103.2,2142,,PAKUR,
Jharkhand,Pakur,IMD110-P2141,1943,28.2,14.0,12.9,87.3,53.3,204.2,368.4,381.3,242.3,104.2,0.0,0.0,1496.0,42.2,153.4,1196.2,104.2,2142,,PAKUR,
Jharkhand,Pakur,IMD110-P2141,1944,10.1,7.8,19.7,45.8,37.1,172.3,373.4,366.1,218.9,37.6,0.0,0.0,1288.8,17.8,102.6,1130.7,37.6,2142,,PAKUR,
Jharkhand,Pakur,IMD110-P2141,1945,26.0,33.7,0.0,70.2,128.9,178.7,193.1,327.5,282.6,201.7,0.0,0.0,1442.3,59.8,199.0,981.9,201.7,2142,,PAKUR,
Jharkhand,Pakur,IMD110-P2141,1946,0.0,3.1,2.3,134.7,112.1,249.6,325.4,344.0,222.4,222.5,9.6,0.0,1625.8,3.1,249.1,1141.4,232.1,2142,,PAKUR,
Jharkhand,Pakur,IMD110-P2141,1947,0.0,0.9,23.5,26.7,44.9,137.1,357.6,184.0,340.7,50.9,0.0,3.0,1169.4,0.9,95.1,1019.5,53.9,2142,,PAKUR,
Jharkhand,Pakur,IMD110-P2141,1948,3.5,6.6,10.8,4.3,66.3,248.3,308.1,229.2,245.7,109.8,84.9,0.0,1317.4,10.1,81.4,1031.3,194.7,2142,,PAKUR,
Jharkhand,Pakur,IMD110-P2141,1949,0.4,6.4,9.8,24.0,197.9,195.7,308.8,453.4,304.3,33.9,0.0,0.0,1534.5,6.8,231.7,1262.1,33.9,2142,,PAKUR,
Jharkhand,Pakur,IMD110-P2141,1950,0.0,2.8,11.0,1.3,37.9,426.0,386.4,446.3,105.4,60.6,4.7,2.5,1485.1,2.8,50.2,1364.1,67.9,2142,,PAKUR,
Jharkhand,Pakur,IMD110-P2141,1951,0.3,0.0,4.4,22.2,31.0,143.7,256.0,223.3,158.6,93.4,10.7,0.0,943.7,0.3,57.6,781.6,104.1,2142,,PAKUR,
Jharkhand,Pakur,IMD110-P2141,1952,0.0,0.6,29.1,80.0,142.7,239.0,273.6,256.8,231.9,219.4,8.5,0.0,1481.6,0.6,251.9,1001.2,227.9,2142,,PAKUR,
Jharkhand,Pakur,IMD110-P2141,1953,68.7,5.1,4.2,22.5,53.3,204.3,546.6,275.9,322.6,39.9,11.0,0.0,1553.9,73.8,80.0,1349.3,50.8,2142,,PAKUR,
Jharkhand,Pakur,IMD110-P2141,1954,15.3,14.5,0.0,0.0,74.2,334.1,381.0,254.8,352.4,126.8,0.0,0.0,1552.9,29.7,74.2,1322.3,126.8,2142,,PAKUR,
Jharkhand,Pakur,IMD110-P2141,1955,21.1,21.8,23.3,24.8,42.8,162.4,553.3,294.9,151.1,34.1,32.5,0.0,1361.9,42.8,90.8,1161.7,66.6,2142,,PAKUR,
Jharkhand,Pakur,IMD110-P2141,1956,46.7,12.5,12.0,21.3,82.9,377.5,279.0,289.7,381.2,237.2,40.4,10.5,1790.9,59.2,116.2,1327.4,288.1,2142,,PAKUR,
Jharkhand,Pakur,IMD110-P2141,1957,129.6,4.0,3.6,0.0,0.0,236.1,449.8,258.0,300.6,92.3,0.0,0.0,1474.0,133.6,3.6,1244.5,92.3,2142,,PAKUR,
Jharkhand,Pakur,IMD110-P2141,1958,0.6,2.6,0.0,26.5,38.0,83.1,254.0,474.6,255.4,157.8,0.0,0.0,1292.6,3.2,64.4,1067.1,157.8,2142,,PAKUR,
Jharkhand,Pakur,IMD110-P2141,1959,46.2,0.3,11.9,11.7,85.4,203.5,411.6,534.8,439.8,518.7,0.0,0.0,2263.8,46.4,109.1,1589.7,518.7,2142,,PAKUR,
Jharkhand,Pakur,IMD110-P2141,1960,0.0,0.0,44.7,0.0,207.5,178.3,332.8,391.3,316.4,140.6,0.7,0.0,1612.2,0.0,252.2,1218.7,141.2,2142,,PAKUR,
Jharkhand,Pakur,IMD110-P2141,1961,4.8,75.9,0.0,1.6,74.6,318.6,139.1,454.5,238.0,128.4,0.6,1.9,1437.8,80.7,76.1,1150.1,130.9,2142,,PAKUR,
Jharkhand,Pakur,IMD110-P2141,1962,5.5,19.6,1.6,29.9,58.4,164.1,392.4,381.6,235.5,121.5,0.0,1.1,1411.3,25.1,89.9,1173.7,122.6,2142,,PAKUR,
Jharkhand,Pakur,IMD110-P2141,1963,9.4,9.8,4.0,71.3,154.8,328.2,473.8,146.8,281.7,274.8,25.7,6.8,1787.0,19.2,230.1,1230.4,307.3,2142,,PAKUR,
Jharkhand,Pakur,IMD110-P2141,1964,4.8,0.2,0.0,83.8,128.6,209.6,470.7,216.4,381.5,76.0,0.0,0.0,1571.5,4.9,212.5,1278.2,76.0,2142,,PAKUR,
Jharkhand,Pakur,IMD110-P2141,1965,2.8,13.3,2.8,2.8,23.4,78.3,333.0,375.0,120.7,25.6,2.7,0.0,980.4,16.1,29.0,907.1,28.3,2142,,PAKUR,
Jharkhand,Pakur,IMD110-P2141,1966,21.8,0.0,0.0,1.8,59.2,139.7,118.8,342.5,190.4,50.6,40.0,0.0,964.7,21.8,61.0,791.5,90.6,2142,,PAKUR,
Jharkhand,Pakur,IMD110-P2141,1967,5.1,0.0,26.1,70.4,14.7,118.1,211.9,275.9,219.8,43.3,0.0,2.5,987.7,5.1,111.2,825.7,45.8,2142,,PAKUR,
Jharkhand,Pakur,IMD110-P2141,1968,3.8,1.0,0.0,55.0,43.0,446.7,479.9,273.5,142.8,161.5,0.0,0.0,1607.2,4.8,98.0,1343.0,161.5,2143,,PAKUR,
Jharkhand,Pakur,IMD110-P2141,1969,0.0,0.0,14.8,33.1,208.2,132.5,248.9,362.0,276.4,54.0,108.6,0.9,1439.4,0.0,256.1,1019.8,163.5,2143,,PAKUR,
Jharkhand,Pakur,IMD110-P2141,1970,0.0,7.5,0.0,16.2,37.3,197.6,273.7,263.9,327.2,104.2,1.4,0.0,1229.0,7.5,53.6,1062.4,105.6,2143,,PAKUR,
Jharkhand,Pakur,IMD110-P2141,1974,0.1,0.0,34.7,9.3,43.2,185.6,479.6,261.4,313.7,74.8,0.0,5.6,1408.0,0.1,87.3,1240.3,80.4,2143,,PAKUR,
Jharkhand,Pakur,IMD110-P2141,1975,6.4,4.0,15.5,6.8,61.5,118.9,423.8,175.1,200.4,168.8,0.0,0.0,1181.2,10.4,83.8,918.2,168.8,2143,,PAKUR,
Jharkhand,Pakur,IMD110-P2141,1976,0.0,27.0,0.0,27.3,193.6,118.9,275.2,321.6,227.7,44.7,6.0,0.0,1242.0,27.0,220.9,943.4,50.7,2143,,PAKUR,
Jharkhand,Pakur,IMD110-P2141,1979,41.5,31.6,0.0,121.2,2.5,326.0,540.1,,,38.6,8.0,29.0,,73.1,123.7,,75.6,2143,missing_months,PAKUR,
Jharkhand,Pakur,IMD110-P2141,1980,23.6,16.2,16.7,1.9,122.7,350.0,378.5,377.5,456.8,227.2,0.0,0.0,1971.2,39.9,141.3,1562.8,227.2,2143,,PAKUR,
Jharkhand,Pakur,IMD110-P2141,1981,9.2,41.7,38.8,138.6,164.9,105.7,468.2,259.8,438.9,1.4,0.0,54.2,1721.3,50.9,342.2,1272.6,55.6,2143,,PAKUR,
Jharkhand,Pakur,IMD110-P2141,1982,0.0,3.8,112.9,59.8,46.2,248.5,207.3,385.5,122.7,45.9,108.4,2.3,1343.1,3.8,218.9,964.0,156.6,2143,,PAKUR,
Jharkhand,Pakur,IMD110-P2141,1983,19.8,2.2,0.5,32.4,74.6,173.8,422.6,287.1,483.5,182.7,0.0,26.3,1705.5,22.0,107.5,1366.9,209.0,2143,,PAKUR,
Jharkhand,Pakur,IMD110-P2141,1984,30.8,21.9,5.1,7.3,98.5,502.9,394.5,197.8,133.2,138.6,0.0,0.0,1530.5,52.7,110.9,1228.3,138.6,2143,,PAKUR,
Jharkhand,Pakur,IMD110-P2141,1985,6.0,2.0,20.0,19.0,61.5,182.2,385.1,66.4,288.0,153.1,0.0,0.0,1183.3,8.0,100.5,921.7,153.1,2143,,PAKUR,
Jharkhand,Pakur,IMD110-P2141,1986,0.0,2.5,1.0,22.5,109.2,142.1,276.4,210.9,368.7,324.6,23.5,0.0,1481.4,2.5,132.7,998.1,348.1,2143,,PAKUR,
Jharkhand,Pakur,IMD110-P2141,1987,0.0,2.5,54.5,58.5,77.1,131.3,568.3,658.8,300.0,28.5,10.5,4.5,1894.3,2.5,190.1,1658.3,43.5,2143,,PAKUR,
Jharkhand,Pakur,IMD110-P2141,1988,0.0,28.0,60.4,38.5,65.2,415.6,329.8,534.2,175.8,131.9,32.8,0.0,1812.0,28.0,164.1,1455.3,164.6,2143,,PAKUR,
Jharkhand,Pakur,IMD110-P2141,1989,0.0,3.8,0.0,0.0,119.3,171.0,308.0,185.3,438.7,84.6,0.0,9.5,1320.1,3.8,119.3,1103.0,94.0,2143,,PAKUR,
Jharkhand,Pakur,IMD110-P2141,1990,0.0,27.3,32.6,33.3,154.4,138.2,536.0,235.6,271.1,186.1,0.8,0.0,1615.3,27.3,220.3,1180.9,186.8,2143,,PAKUR,
Jharkhand,Pakur,IMD110-P2141,1991,0.9,2.2,7.1,4.4,83.1,235.9,243.8,245.4,310.0,61.7,0.0,61.3,1255.9,3.1,94.7,1035.1,123.0,2143,,PAKUR,
Jharkhand,Pakur,IMD110-P2141,1992,0.0,16.1,0.0,0.0,35.2,129.6,377.4,199.6,131.1,65.9,5.5,0.0,960.4,16.1,35.2,837.6,71.4,2143,,PAKUR,
Jharkhand,Pakur,IMD110-P2141,1993,11.7,0.0,34.1,37.2,69.5,256.2,317.9,408.2,387.5,87.4,31.5,0.0,1641.3,11.7,140.8,1369.8,119.0,2143,,PAKUR,
Jharkhand,Pakur,IMD110-P2141,1994,15.3,6.0,0.0,16.3,42.2,245.1,141.8,254.4,103.6,203.2,2.6,0.0,1030.6,21.3,58.5,745.0,205.8,2143,,PAKUR,
Jharkhand,Pakur,IMD110-P2141,1995,0.8,1.5,0.0,0.0,23.7,208.1,369.8,323.2,603.3,18.5,34.0,2.8,1585.7,2.3,23.7,1504.4,55.3,2143,,PAKUR,
Jharkhand,Pakur,IMD110-P2141,1996,0.3,16.3,0.0,20.0,39.8,221.1,256.1,454.7,231.8,92.3,0.0,0.0,1332.3,16.5,59.8,1163.6,92.3,2143,,PAKUR,
Jharkhand,Pakur,IMD110-P2141,1997,11.0,11.4,0.0,108.7,96.3,189.8,565.3,654.9,368.9,47.1,24.5,32.8,2110.6,22.4,205.0,1778.8,104.4,2143,,PAKUR,
Jharkhand,Pakur,IMD110-P2141,1998,12.6,14.1,68.9,45.7,140.3,114.3,569.7,343.8,280.6,298.2,19.0,0.0,1907.2,26.7,255.0,1308.3,317.2,2143,,PAKUR,
Jharkhand,Pakur,IMD110-P2141,1999,0.0,0.0,0.0,4.1,151.7,271.5,529.3,485.8,695.5,305.3,0.0,0.0,2443.1,0.0,155.8,1982.1,305.3,2143,,PAKUR,
Jharkhand,Pakur,IMD110-P2141,2000,2.3,62.6,13.0,67.4,177.0,286.3,423.3,157.0,1301.6,34.2,0.0,0.0,2524.7,64.8,257.4,2168.2,34.2,2143,,PAKUR,
Jharkhand,Pakur,IMD110-P2141,2001,0.0,0.0,0.8,36.6,133.7,278.7,262.9,296.8,283.3,325.6,0.0,0.0,1618.5,0.0,171.2,1121.7,325.6,2143,,PAKUR,
Jharkhand,Pakur,IMD110-P2141,2002,0.7,0.0,5.6,56.5,121.6,331.4,290.0,498.8,369.6,55.0,2.1,0.0,1731.3,0.7,183.7,1489.8,57.1,2143,,PAKUR,
Jharkhand,Pakur,IMD110-P2141,2003,0.0,82.8,57.3,19.4,73.0,349.9,168.9,195.9,236.7,261.2,0.0,0.0,1445.1,82.8,149.7,951.4,261.2,2143,,PAKUR,
Jharkhand,Pakur,IMD110-P2141,2004,8.9,0.0,0.9,51.0,63.6,414.1,353.6,325.2,420.5,462.9,0.0,0.0,2100.6,8.9,115.4,1513.4,462.9,2143,,PAKUR,
Jharkhand,Pakur,IMD110-P2141,2005,31.3,6.2,61.2,13.8,80.7,147.4,,378.7,221.4,280.9,0.0,0.0,,37.5,155.8,,280.9,2143,missing_months,PAKUR,
Jharkhand,Pakur,IMD110-P2141,2006,0.0,0.0,1.7,42.8,122.3,327.8,553.8,282.6,569.5,23.0,7.8,0.0,1931.3,0.0,166.7,1733.8,30.9,2143,,PAKUR,
Jharkhand,Pakur,IMD110-P2141,2007,0.0,35.0,44.7,13.1,61.3,263.3,633.5,329.5,456.0,78.1,0.9,0.0,1915.5,35.0,119.1,1682.3,79.0,2144,,PAKUR,
Jharkhand,Pakur,IMD110-P2141,2008,24.5,0.0,0.0,36.1,37.0,326.8,536.7,405.3,194.5,31.5,0.0,0.0,1592.5,24.5,73.2,1463.3,31.5,2144,,PAKUR,
Jharkhand,Pakur,IMD110-P2141,2009,0.0,7.5,10.6,12.6,124.9,44.0,135.0,306.4,328.3,190.1,0.0,0.0,1159.4,7.5,148.1,813.7,190.1,2144,,PAKUR,
Jharkhand,Pakur,IMD110-P2141,2010,0.0,0.0,0.0,13.1,36.5,186.5,304.3,231.9,236.2,71.3,0.0,0.0,1079.9,0.0,49.6,958.9,71.3,2144,,PAKUR,
Jharkhand,Palamau,IMD110-P2145,1901,92.3,49.1,5.0,11.5,6.3,59.3,205.5,257.2,229.7,12.5,2.0,0.0,930.4,141.4,22.8,751.7,14.5,2145,,PALAMAU,
Jharkhand,Palamau,IMD110-P2145,1902,15.7,13.2,4.1,9.1,17.5,24.7,381.4,140.3,291.7,0.9,1.0,0.0,899.6,28.9,30.7,838.1,1.9,2145,,PALAMAU,
Jharkhand,Palamau,IMD110-P2145,1903,9.6,4.6,2.5,3.3,7.0,81.0,134.6,222.4,211.7,133.7,0.0,0.0,810.5,14.2,12.9,649.7,133.7,2145,,PALAMAU,
Jharkhand,Palamau,IMD110-P2145,1904,4.3,15.3,36.3,0.9,72.8,141.6,387.3,435.0,70.0,40.7,0.9,0.3,1205.5,19.7,110.1,1033.9,41.8,2145,,PALAMAU,
Jharkhand,Palamau,IMD110-P2145,1905,37.7,25.6,46.1,24.0,18.6,7.5,357.3,293.0,434.1,28.8,0.0,1.4,1273.9,63.3,88.6,1091.8,30.2,2145,,PALAMAU,
Jharkhand,Palamau,IMD110-P2145,1906,29.0,68.3,26.2,8.3,7.2,109.7,413.2,139.4,166.3,30.4,1.8,0.4,1000.1,97.3,41.7,828.6,32.5,2145,,PALAMAU,
Jharkhand,Palamau,IMD110-P2145,1907,2.5,86.7,27.6,40.6,7.3,422.5,143.7,674.6,103.3,0.0,0.0,0.8,1509.8,89.2,75.5,1344.2,0.8,2145,,PALAMAU,
Jharkhand,Palamau,IMD110-P2145,1908,7.8,74.8,5.1,0.0,4.2,46.6,288.4,274.0,111.0,16.7,0.0,0.4,829.0,82.6,9.4,720.1,17.1,2145,,PALAMAU,
Jharkhand,Palamau,IMD110-P2145,1909,43.4,7.9,0.0,35.2,11.3,341.2,307.5,255.9,201.6,5.1,0.0,13.0,1222.2,51.4,46.5,1106.3,18.1,2145,,PALAMAU,
Jharkhand,Palamau,IMD110-P2145,1910,7.2,7.1,11.5,11.4,3.7,131.5,203.6,387.3,235.3,31.3,26.7,0.0,1056.6,14.2,26.5,957.8,58.0,2145,,PALAMAU,
Jharkhand,Palamau,IMD110-P2145,1911,4.1,0.0,35.4,0.0,0.8,376.5,78.2,395.9,244.3,83.0,54.7,0.0,1273.1,4.1,36.3,1095.0,137.7,2145,,PALAMAU,
Jharkhand,Palamau,IMD110-P2145,1912,0.5,13.9,3.3,9.2,17.4,47.7,329.2,305.2,74.2,4.2,22.7,0.0,827.4,14.4,29.9,756.2,26.9,2145,,PALAMAU,
Jharkhand,Palamau,IMD110-P2145,1913,5.8,94.2,27.7,0.3,27.6,277.9,385.5,463.6,113.2,44.9,5.9,15.9,1462.4,99.9,55.6,1240.1,66.8,2145,,PALAMAU,
Jharkhand,Palamau,IMD110-P2145,1914,2.0,15.2,34.1,13.6,55.6,75.1,218.9,466.1,95.2,6.6,0.0,10.8,993.4,17.2,103.3,855.4,17.5,2145,,PALAMAU,
Jharkhand,Palamau,IMD110-P2145,1915,18.7,67.1,13.8,2.8,20.9,81.8,268.6,263.9,189.9,23.2,51.5,0.0,1002.4,85.8,37.5,804.3,74.8,2145,,PALAMAU,
Jharkhand,Palamau,IMD110-P2145,1916,0.0,27.5,0.0,6.7,4.8,278.0,234.7,289.3,205.2,222.4,3.4,0.0,1272.0,27.5,11.5,1007.2,225.8,2145,,PALAMAU,
Jharkhand,Palamau,IMD110-P2145,1917,2.2,32.7,15.0,3.1,53.1,186.9,327.8,599.4,196.1,174.7,0.2,2.2,1593.5,34.9,71.2,1310.2,177.2,2145,,PALAMAU,
Jharkhand,Palamau,IMD110-P2145,1918,1.7,0.3,3.0,0.5,19.6,283.0,104.9,513.0,183.0,0.0,0.0,0.6,1109.6,1.9,23.1,1083.9,0.6,2145,,PALAMAU,
Jharkhand,Palamau,IMD110-P2145,1919,144.2,16.4,20.8,13.7,39.5,301.2,341.9,481.8,227.1,72.1,1.8,0.4,1660.9,160.5,74.0,1352.0,74.3,2145,,PALAMAU,
Jharkhand,Palamau,IMD110-P2145,1920,0.0,19.0,41.0,2.1,21.9,63.4,754.6,348.3,118.6,0.0,0.0,0.0,1369.0,19.0,65.0,1284.9,0.0,2145,,PALAMAU,
Jharkhand,Palamau,IMD110-P2145,1921,32.0,12.4,0.0,1.9,0.0,276.7,343.7,473.6,130.5,7.3,0.0,0.0,1278.0,44.4,1.9,1224.4,7.3,2145,,PALAMAU,
Jharkhand,Palamau,IMD110-P2145,1922,12.3,0.5,0.0,18.9,1.6,222.1,437.1,336.7,252.4,16.5,14.6,0.7,1313.4,12.8,20.5,1248.3,31.8,2145,,PALAMAU,
Jharkhand,Palamau,IMD110-P2145,1923,0.2,54.6,1.5,3.6,3.1,199.2,449.9,558.9,144.4,18.7,17.9,1.5,1453.6,54.8,8.3,1352.4,38.1,2145,,PALAMAU,
Jharkhand,Palamau,IMD110-P2145,1924,20.9,38.1,5.4,7.9,3.2,118.6,377.3,224.6,319.2,60.5,140.1,0.0,1315.7,59.0,16.5,1039.6,200.6,2145,,PALAMAU,
Jharkhand,Palamau,IMD110-P2145,1925,0.0,3.6,6.3,1.5,24.6,203.9,570.7,359.6,224.6,24.9,33.4,0.0,1453.1,3.6,32.4,1358.8,58.3,2145,,PALAMAU,
Jharkhand,Palamau,IMD110-P2145,1926,31.1,5.1,97.9,15.2,41.8,37.0,371.3,388.7,322.8,47.9,11.5,21.5,1391.9,36.3,154.9,1119.8,80.9,2145,,PALAMAU,
Jharkhand,Palamau,IMD110-P2145,1927,44.0,85.3,59.1,0.4,11.5,27.2,470.6,364.4,195.6,31.5,49.5,0.0,1339.2,129.3,71.0,1057.8,81.1,2145,,PALAMAU,
Jharkhand,Palamau,IMD110-P2145,1928,72.3,21.2,1.0,32.6,15.7,257.0,414.0,188.8,117.7,114.2,0.0,12.0,1246.4,93.5,49.2,977.5,126.2,2145,,PALAMAU,
Jharkhand,Palamau,IMD110-P2145,1929,49.8,11.3,14.6,2.1,5.3,75.0,476.0,489.6,78.8,131.0,0.0,62.3,1395.8,61.1,22.0,1119.4,193.3,2145,,PALAMAU,
Jharkhand,Palamau,IMD110-P2145,1930,0.7,4.1,2.4,16.0,11.0,72.1,531.9,332.3,207.6,11.9,76.2,11.3,1277.5,4.8,29.4,1143.9,99.4,2145,,PALAMAU,
Jharkhand,Palamau,IMD110-P2145,1931,0.6,108.8,11.1,0.0,8.9,71.6,344.6,413.2,205.3,80.8,26.4,1.9,1273.3,109.5,20.1,1034.6,109.1,2145,,PALAMAU,
Jharkhand,Palamau,IMD110-P2145,1932,0.0,30.3,0.0,6.1,16.4,82.4,496.6,344.9,140.9,35.0,68.3,0.6,1221.5,30.3,22.4,1064.8,104.0,2145,,PALAMAU,
Jharkhand,Palamau,IMD110-P2145,1933,92.7,47.1,3.5,37.8,40.0,255.9,255.3,464.3,170.3,77.2,0.0,3.3,1447.3,139.8,81.3,1145.8,80.5,2145,,PALAMAU,
Jharkhand,Palamau,IMD110-P2145,1934,46.7,1.2,5.6,2.1,0.5,126.2,422.0,456.4,302.1,48.5,36.8,0.2,1448.2,47.9,8.1,1306.8,85.4,2146,,PALAMAU,
Jharkhand,Palamau,IMD110-P2145,1935,55.4,13.3,3.9,19.8,0.0,126.6,329.8,583.5,179.7,0.0,0.0,0.0,1311.9,68.7,23.7,1219.5,0.0,2146,,PALAMAU,
Jharkhand,Palamau,IMD110-P2145,1936,15.2,22.5,17.5,1.9,33.2,289.3,358.7,361.9,455.0,136.6,5.8,14.4,1712.0,37.7,52.6,1464.9,156.8,2146,,PALAMAU,
Jharkhand,Palamau,IMD110-P2145,1937,0.0,83.1,3.6,22.1,23.7,107.7,536.9,337.8,209.7,118.4,0.0,0.0,1443.0,83.1,49.5,1192.1,118.4,2146,,PALAMAU,
Jharkhand,Palamau,IMD110-P2145,1938,42.6,32.7,0.0,2.3,29.1,185.9,275.8,402.7,173.5,33.5,0.4,0.0,1178.6,75.3,31.4,1038.0,33.9,2146,,PALAMAU,
Jharkhand,Palamau,IMD110-P2145,1939,40.8,44.4,27.7,12.3,0.7,272.9,448.9,452.0,292.9,34.2,0.0,0.0,1626.9,85.2,40.7,1466.7,34.2,2146,,PALAMAU,
Jharkhand,Palamau,IMD110-P2145,1940,0.0,43.3,74.6,6.0,13.4,52.2,305.6,478.7,142.6,31.6,0.0,45.0,1193.1,43.3,94.1,979.1,76.6,2146,,PALAMAU,
Jharkhand,Palamau,IMD110-P2145,1941,59.0,10.4,4.1,0.1,16.4,270.0,297.1,378.8,205.2,63.6,2.5,0.0,1307.2,69.4,20.6,1151.1,66.1,2146,,PALAMAU,
Jharkhand,Palamau,IMD110-P2145,1942,22.7,81.1,32.5,9.2,2.1,137.7,504.1,469.9,426.5,5.7,0.0,2.1,1693.6,103.9,43.8,1538.2,7.7,2146,,PALAMAU,
Jharkhand,Palamau,IMD110-P2145,1943,97.2,19.3,0.1,21.5,45.5,79.8,474.1,642.5,254.8,51.2,0.0,0.0,1686.1,116.5,67.1,1451.2,51.2,2146,,PALAMAU,
Jharkhand,Palamau,IMD110-P2145,1944,26.7,84.2,81.2,7.7,1.6,112.8,380.8,573.9,218.0,72.9,1.7,1.4,1563.0,111.0,90.5,1285.6,76.0,2146,,PALAMAU,
Jharkhand,Palamau,IMD110-P2145,1945,66.9,39.0,0.0,2.8,7.1,273.0,256.1,272.3,294.1,134.2,0.4,1.9,1348.0,105.9,10.0,1095.6,136.5,2146,,PALAMAU,
Jharkhand,Palamau,IMD110-P2145,1946,0.0,24.7,18.2,10.5,9.6,268.7,427.3,411.1,322.7,180.2,49.1,1.0,1723.0,24.7,38.2,1429.8,230.3,2146,,PALAMAU,
Jharkhand,Palamau,IMD110-P2145,1947,12.5,25.0,39.0,0.0,3.4,111.3,308.1,275.6,283.7,44.4,0.0,7.1,1110.0,37.5,42.4,978.7,51.5,2146,,PALAMAU,
Jharkhand,Palamau,IMD110-P2145,1948,55.1,32.3,14.1,4.8,6.9,217.7,349.4,469.7,348.9,84.3,72.5,0.7,1656.5,87.4,25.8,1385.7,157.6,2146,,PALAMAU,
Jharkhand,Palamau,IMD110-P2145,1949,31.4,36.5,13.2,22.9,47.7,73.1,286.3,563.0,180.9,70.9,0.0,0.0,1325.8,67.9,83.7,1103.3,70.9,2146,,PALAMAU,
Jharkhand,Palamau,IMD110-P2145,1950,5.4,22.3,50.0,0.0,3.7,227.4,385.3,483.7,125.2,9.1,0.8,11.9,1324.7,27.7,53.7,1221.5,21.8,2146,,PALAMAU,
Jharkhand,Palamau,IMD110-P2145,1951,7.5,1.6,42.2,33.0,6.1,145.0,228.2,332.1,195.1,45.9,0.1,0.0,1036.7,9.2,81.2,900.3,46.0,2146,,PALAMAU,
Jharkhand,Palamau,IMD110-P2145,1952,8.5,19.7,19.6,4.5,32.6,246.3,203.9,373.9,170.1,42.2,0.0,7.3,1128.7,28.2,56.7,994.3,49.5,2146,,PALAMAU,
Jharkhand,Palamau,IMD110-P2145,1953,24.4,5.8,0.0,7.9,7.8,134.0,470.5,425.7,288.5,9.0,11.9,0.0,1385.5,30.2,15.7,1318.7,20.9,2146,,PALAMAU,
Jharkhand,Palamau,IMD110-P2145,1954,9.2,17.5,8.9,2.4,1.7,118.9,243.2,309.0,265.6,19.8,0.0,2.3,998.5,26.7,13.0,936.7,22.1,2146,,PALAMAU,
Jharkhand,Palamau,IMD110-P2145,1955,83.9,15.2,2.6,0.4,5.9,88.9,336.6,191.3,154.8,68.3,1.4,0.9,950.4,99.2,8.9,771.7,70.6,2146,,PALAMAU,
Jharkhand,Palamau,IMD110-P2145,1956,21.9,13.7,22.4,1.3,31.0,239.0,253.7,353.7,356.5,132.2,10.3,29.1,1464.7,35.6,54.6,1202.9,171.6,2146,,PALAMAU,
Jharkhand,Palamau,IMD110-P2145,1957,36.9,8.5,31.9,2.3,1.9,74.2,554.8,319.5,202.3,4.4,0.0,0.0,1236.7,45.4,36.1,1150.8,4.4,2146,,PALAMAU,
Jharkhand,Palamau,IMD110-P2145,1958,15.0,31.5,12.7,25.2,1.8,81.3,454.4,322.2,228.8,109.6,0.0,0.0,1282.4,46.4,39.7,1086.6,109.6,2146,,PALAMAU,
Jharkhand,Palamau,IMD110-P2145,1959,65.8,0.8,1.3,2.9,16.3,91.6,338.9,316.9,196.7,148.5,0.0,0.0,1179.7,66.5,20.5,944.2,148.5,2146,,PALAMAU,
Jharkhand,Palamau,IMD110-P2145,1960,4.4,0.6,30.7,4.5,3.9,79.3,329.6,451.5,224.6,46.7,0.0,0.0,1175.9,5.0,39.1,1085.0,46.7,2146,,PALAMAU,
Jharkhand,Palamau,IMD110-P2145,1961,15.0,76.1,0.0,1.6,5.4,395.6,319.0,361.9,327.6,99.4,0.1,9.8,1611.5,91.1,7.0,1404.1,109.3,2146,,PALAMAU,
Jharkhand,Palamau,IMD110-P2145,1962,4.5,9.5,5.9,6.0,6.5,124.6,264.7,232.8,309.7,16.8,0.0,13.0,994.1,14.0,18.4,931.8,29.8,2146,,PALAMAU,
Jharkhand,Palamau,IMD110-P2145,1963,4.9,7.3,11.5,5.4,43.3,120.2,231.2,273.3,197.1,153.1,6.4,0.3,1054.1,12.3,60.1,821.8,159.9,2146,,PALAMAU,
Jharkhand,Palamau,IMD110-P2145,1964,3.5,16.3,2.3,4.1,43.4,188.3,346.8,192.9,207.5,88.0,12.4,0.0,1105.4,19.8,49.8,935.5,100.4,2146,,PALAMAU,
Jharkhand,Palamau,IMD110-P2145,1965,0.0,5.4,16.2,42.0,7.2,61.7,339.9,202.7,283.3,41.4,0.0,4.3,1004.0,5.4,65.4,887.6,45.6,2146,,PALAMAU,
Jharkhand,Palamau,IMD110-P2145,1966,14.5,13.1,0.3,1.4,2.1,211.5,126.3,268.5,43.2,5.8,9.9,11.6,708.3,27.6,3.8,649.6,27.3,2146,,PALAMAU,
Jharkhand,Palamau,IMD110-P2145,1967,0.1,0.0,53.3,4.1,10.0,48.8,258.8,483.1,250.5,22.2,0.1,8.4,1139.4,0.1,67.3,1041.2,30.7,2146,,PALAMAU,
Jharkhand,Palamau,IMD110-P2145,1968,51.2,6.9,4.1,0.3,6.0,117.3,231.0,365.1,95.2,32.0,0.0,7.7,916.8,58.0,10.4,808.6,39.8,2147,,PALAMAU,
Jharkhand,Palamau,IMD110-P2145,1969,7.2,4.4,1.3,8.0,33.1,118.4,368.5,310.0,202.9,10.3,19.4,0.0,1083.5,11.6,42.4,999.8,29.7,2147,,PALAMAU,
Jharkhand,Palamau,IMD110-P2145,1970,35.0,14.1,22.1,0.0,10.4,136.6,266.1,252.6,344.6,61.8,0.0,0.0,1143.4,49.2,32.6,1000.0,61.8,2147,,PALAMAU,
Jharkhand,Palamau,IMD110-P2145,1971,62.9,13.6,1.6,32.2,94.8,360.5,537.3,502.5,121.6,63.6,0.0,0.0,1790.6,76.5,128.6,1521.9,63.6,2147,,PALAMAU,
Jharkhand,Palamau,IMD110-P2145,1972,3.9,62.7,0.6,18.2,0.0,63.1,331.2,459.0,117.6,83.1,41.4,1.0,1181.8,66.6,18.8,970.9,125.5,2147,,PALAMAU,
Jharkhand,Palamau,IMD110-P2145,1973,1.7,18.1,1.9,0.0,4.6,121.1,174.1,299.6,240.0,180.8,1.2,0.0,1043.1,19.8,6.5,834.8,182.0,2147,,PALAMAU,
Jharkhand,Palamau,IMD110-P2145,1974,0.9,4.8,3.6,0.0,37.4,30.1,416.4,296.8,125.2,62.5,3.5,0.0,981.3,5.8,41.0,868.5,66.0,2147,,PALAMAU,
Jharkhand,Palamau,IMD110-P2145,1975,14.6,9.2,26.3,0.4,2.6,87.0,505.6,229.8,130.0,113.5,0.0,0.0,1119.0,23.8,29.3,952.4,113.5,2147,,PALAMAU,
Jharkhand,Palamau,IMD110-P2145,1976,0.1,15.8,0.0,17.4,9.7,92.1,288.0,214.1,731.6,1.8,0.0,0.0,1370.5,15.9,27.0,1325.7,1.8,2147,,PALAMAU,
Jharkhand,Palamau,IMD110-P2145,1977,21.5,5.3,0.3,54.9,86.8,194.4,464.5,291.1,218.1,29.9,28.0,10.6,1405.5,26.9,142.0,1168.2,68.4,2147,,PALAMAU,
Jharkhand,Palamau,IMD110-P2145,1978,13.9,84.2,32.4,20.3,2.2,331.1,262.1,394.9,418.2,54.7,3.0,18.6,1635.4,98.1,54.9,1406.2,76.3,2147,,PALAMAU,
Jharkhand,Palamau,IMD110-P2145,1979,14.9,66.2,16.9,12.4,0.4,110.2,325.8,153.2,118.4,16.9,25.6,0.0,861.0,81.1,29.8,707.5,42.5,2147,,PALAMAU,
Jharkhand,Palamau,IMD110-P2145,1980,4.4,10.0,30.3,19.3,2.6,170.5,355.2,241.3,155.5,31.0,0.0,5.8,1026.0,14.4,52.2,922.5,36.9,2147,,PALAMAU,
Jharkhand,Palamau,IMD110-P2145,1981,64.3,8.0,18.7,3.5,13.2,42.8,370.9,178.3,141.4,2.2,10.1,2.4,855.8,72.3,35.4,733.4,14.6,2147,,PALAMAU,
Jharkhand,Palamau,IMD110-P2145,1982,17.9,25.0,49.7,24.1,68.0,69.9,132.9,407.4,129.3,73.3,17.0,1.9,1016.4,42.9,141.8,739.6,92.1,2147,,PALAMAU,
Jharkhand,Palamau,IMD110-P2145,1983,3.1,9.2,1.0,60.7,48.9,70.6,244.1,138.2,226.2,116.2,0.0,8.3,926.5,12.3,110.6,679.1,124.4,2147,,PALAMAU,
Jharkhand,Palamau,IMD110-P2145,1984,41.9,44.8,0.0,1.4,0.6,179.5,302.0,389.9,147.3,36.5,0.0,0.0,1143.9,86.6,2.1,1018.7,36.5,2147,,PALAMAU,
Jharkhand,Palamau,IMD110-P2145,1985,16.7,1.3,0.0,4.6,5.1,70.4,431.7,355.2,116.3,166.9,0.0,2.6,1170.8,18.0,9.6,973.6,169.5,2147,,PALAMAU,
Jharkhand,Palamau,IMD110-P2145,1986,0.8,37.7,0.9,10.6,38.9,186.1,394.8,220.1,128.7,57.9,9.3,78.4,1164.2,38.5,50.4,929.7,145.6,2147,,PALAMAU,
Jharkhand,Palamau,IMD110-P2145,1987,2.3,13.1,15.2,2.6,21.4,20.9,276.3,379.8,530.3,37.4,23.1,2.2,1324.6,15.4,39.2,1207.2,62.7,2147,,PALAMAU,
Jharkhand,Palamau,IMD110-P2145,1988,1.8,20.8,55.0,6.2,18.0,238.1,266.8,160.0,122.7,14.7,0.0,6.1,910.3,22.6,79.2,787.7,20.8,2147,,PALAMAU,
Jharkhand,Palamau,IMD110-P2145,1989,1.2,0.0,1.5,0.0,18.4,127.1,200.8,173.8,160.0,11.3,5.9,16.9,716.9,1.2,19.9,661.7,34.2,2147,,PALAMAU,
Jharkhand,Palamau,IMD110-P2145,1990,0.0,35.3,7.7,3.7,42.5,138.5,451.6,190.0,158.0,36.1,0.0,2.7,1066.1,35.3,53.9,938.1,38.9,2147,,PALAMAU,
Jharkhand,Palamau,IMD110-P2145,1991,9.7,9.5,10.9,1.5,11.5,157.4,206.0,401.0,214.1,3.8,0.1,5.0,1030.5,19.1,23.9,978.5,8.9,2147,,PALAMAU,
Jharkhand,Palamau,IMD110-P2145,1992,0.0,0.2,0.0,1.3,23.0,41.4,215.2,273.1,77.3,9.5,0.1,0.0,641.1,0.2,24.3,607.0,9.6,2147,,PALAMAU,
Jharkhand,Palamau,IMD110-P2145,1993,0.0,1.4,6.3,0.8,22.1,186.2,194.4,208.9,377.5,34.2,8.3,0.0,1039.9,1.4,29.1,967.0,42.5,2147,,PALAMAU,
Jharkhand,Palamau,IMD110-P2145,1994,24.6,13.4,0.0,8.6,3.4,389.7,358.9,409.7,151.0,117.0,1.8,0.0,1478.1,38.1,11.9,1309.2,118.8,2147,,PALAMAU,
Jharkhand,Palamau,IMD110-P2145,1995,16.1,19.5,14.4,0.4,6.2,85.5,247.2,301.5,332.3,6.1,59.1,32.3,1120.5,35.6,21.0,966.5,97.5,2147,,PALAMAU,
Jharkhand,Palamau,IMD110-P2145,1996,17.1,31.1,0.8,1.0,0.8,223.3,275.4,336.1,100.7,35.9,0.0,0.0,1022.2,48.2,2.5,935.6,35.9,2147,,PALAMAU,
Jharkhand,Palamau,IMD110-P2145,1997,4.7,0.1,0.0,5.2,5.4,199.1,391.1,463.8,134.1,39.5,20.5,27.3,1290.9,4.8,10.6,1188.2,87.3,2147,,PALAMAU,
Jharkhand,Palamau,IMD110-P2145,1998,33.3,14.4,26.6,17.5,27.2,78.7,247.3,222.1,186.5,80.7,8.2,0.0,942.6,47.7,71.3,734.6,89.0,2147,,PALAMAU,
Jharkhand,Palamau,IMD110-P2145,1999,0.0,0.1,0.0,1.9,25.5,197.9,423.5,245.6,146.4,44.7,1.5,0.4,1087.5,0.1,27.4,1013.4,46.6,2147,,PALAMAU,
Jharkhand,Palamau,IMD110-P2145,2000,2.0,4.2,6.0,5.5,5.6,93.9,295.7,173.2,353.6,2.8,0.0,0.0,942.4,6.2,17.1,916.4,2.8,2147,,PALAMAU,
Jharkhand,Palamau,IMD110-P2145,2001,3.2,2.0,11.3,0.4,2.8,237.3,348.0,248.5,79.8,62.2,0.0,0.0,995.8,5.2,14.6,913.7,62.2,2147,,PALAMAU,
Jharkhand,Palamau,IMD110-P2145,2002,3.3,6.1,2.4,0.3,18.2,66.3,188.0,327.5,151.2,67.0,1.2,0.6,832.1,9.4,20.9,733.1,68.8,2148,,PALAMAU,
Jharkhand,Palamau,IMD110-P2145,2003,2.1,14.0,9.7,7.7,2.3,44.7,182.1,422.1,267.4,129.5,0.4,1.4,1083.4,16.1,19.6,916.5,131.2,2148,,PALAMAU,
Jharkhand,Palamau,IMD110-P2145,2004,2.3,0.1,0.0,6.3,0.9,93.5,126.1,273.5,174.5,52.3,0.0,0.0,729.5,2.4,7.1,667.6,52.3,2148,,PALAMAU,
Jharkhand,Palamau,IMD110-P2145,2005,3.4,12.4,4.5,0.7,2.6,66.6,156.2,270.3,110.7,5.4,0.0,0.8,633.7,15.9,7.8,603.8,6.3,2148,,PALAMAU,
Jharkhand,Palamau,IMD110-P2145,2006,0.0,0.0,41.2,11.0,50.7,121.8,352.8,432.3,141.4,2.4,0.5,0.0,1154.0,0.0,102.9,1048.3,2.8,2148,,PALAMAU,
Jharkhand,Palamau,IMD110-P2145,2007,0.0,42.3,13.6,10.6,14.8,53.8,276.4,305.5,240.0,22.3,0.0,0.0,979.3,42.3,39.0,875.6,22.3,2148,,PALAMAU,
Jharkhand,Palamau,IMD110-P2145,2008,20.7,9.2,2.7,1.2,2.5,319.7,246.0,272.7,51.9,19.9,0.0,0.0,946.6,29.9,6.4,890.3,19.9,2148,,PALAMAU,
Jharkhand,Palamau,IMD110-P2145,2009,2.5,0.0,0.2,0.3,0.7,33.9,239.3,158.4,227.7,51.5,1.2,0.0,715.7,2.5,1.2,659.3,52.7,2148,,PALAMAU,
Jharkhand,Palamau,IMD110-P2145,2010,0.0,0.9,0.0,0.0,4.1,49.1,118.5,86.2,94.8,10.3,2.3,1.9,368.1,0.9,4.1,348.7,14.5,2148,,PALAMAU,
Jharkhand,Ramgarh,IMD110-P2149,1901,10.2,45.7,2.8,3.8,10.2,60.9,147.3,466.0,269.3,52.1,0.0,0.0,1068.3,55.9,16.8,943.5,52.1,2149,,RAMGARH,
Jharkhand,Ramgarh,IMD110-P2149,1902,0.0,11.4,5.1,30.5,33.0,95.2,276.7,236.1,378.5,0.0,0.0,0.0,1066.5,11.4,68.6,986.5,0.0,2149,,RAMGARH,
Jharkhand,Ramgarh,IMD110-P2149,1903,5.1,5.1,10.2,33.0,20.3,167.6,185.7,157.2,194.4,221.2,0.0,0.0,999.8,10.2,63.5,704.9,221.2,2149,,RAMGARH,
Jharkhand,Ramgarh,IMD110-P2149,1904,0.0,7.6,47.7,2.5,184.9,292.0,511.1,255.6,63.5,10.9,0.0,0.0,1375.8,7.6,235.1,1122.2,10.9,2149,,RAMGARH,
Jharkhand,Ramgarh,IMD110-P2149,1905,58.5,76.6,50.7,14.0,58.9,38.1,438.4,164.5,326.4,3.6,0.0,0.0,1229.7,135.1,123.6,967.4,3.6,2149,,RAMGARH,
Jharkhand,Ramgarh,IMD110-P2149,1906,45.9,59.2,25.9,0.0,12.7,204.8,228.7,106.6,115.6,,,,,105.1,38.6,655.7,,2149,missing_months,RAMGARH,
Jharkhand,Ramgarh,IMD110-P2149,1908,21.6,86.4,0.0,0.0,19.1,58.2,,266.9,113.6,15.2,0.0,0.0,,108.0,19.1,,15.2,2149,missing_months,RAMGARH,
Jharkhand,Ramgarh,IMD110-P2149,1909,30.2,51.1,0.0,37.7,3.8,221.0,269.5,333.8,216.0,,0.0,24.1,,81.3,41.5,1040.3,,2149,missing_months,RAMGARH,
Jharkhand,Ramgarh,IMD110-P2149,1910,,,0.0,,0.0,377.5,224.5,416.1,323.8,36.0,0.0,0.0,,,,1341.9,36.0,2149,missing_months,RAMGARH,
Jharkhand,Ramgarh,IMD110-P2149,1911,,0.0,27.9,0.0,0.0,363.1,89.7,197.1,,,,0.0,,,27.9,,,2149,missing_months,RAMGARH,
Jharkhand,Ramgarh,IMD110-P2149,1912,0.0,20.5,10.2,25.8,17.3,174.5,274.0,306.0,74.1,32.3,45.8,0.0,980.3,20.5,53.2,828.5,78.1,2149,,RAMGARH,
Jharkhand,Ramgarh,IMD110-P2149,1913,2.5,128.8,49.8,0.0,64.5,393.0,224.7,280.3,186.1,54.8,27.9,48.3,1460.7,131.4,114.3,1084.1,131.0,2149,,RAMGARH,
Jharkhand,Ramgarh,IMD110-P2149,1914,0.0,26.3,19.5,8.9,209.3,170.0,477.6,306.4,116.2,1.4,0.0,1.8,1337.5,26.3,237.8,1070.3,3.2,2149,,RAMGARH,
Jharkhand,Ramgarh,IMD110-P2149,1915,3.8,50.2,98.8,0.0,29.3,199.0,453.2,241.4,334.8,51.2,18.5,0.0,1480.1,54.0,128.0,1228.4,69.6,2149,,RAMGARH,
Jharkhand,Ramgarh,IMD110-P2149,1916,0.0,8.1,0.0,20.4,36.8,261.9,201.8,315.8,194.6,255.2,11.9,0.0,1306.4,8.1,57.2,974.0,267.0,2149,,RAMGARH,
Jharkhand,Ramgarh,IMD110-P2149,1917,0.0,30.8,2.8,7.3,70.8,235.4,372.0,626.3,271.2,552.8,0.0,0.0,2169.4,30.8,80.8,1504.9,552.8,2149,,RAMGARH,
Jharkhand,Ramgarh,IMD110-P2149,1918,3.8,0.0,6.3,12.7,23.5,490.5,88.9,446.4,75.6,0.0,0.0,0.0,1147.8,3.8,42.5,1101.4,0.0,2149,,RAMGARH,
Jharkhand,Ramgarh,IMD110-P2149,1919,140.1,7.6,37.2,6.5,54.8,659.5,309.9,431.4,383.0,83.9,0.0,0.0,2114.0,147.7,98.5,1783.8,83.9,2149,,RAMGARH,
Jharkhand,Ramgarh,IMD110-P2149,1920,0.0,17.7,68.3,0.0,31.4,163.5,571.8,232.2,100.9,8.3,0.0,0.0,1194.0,17.7,99.7,1068.4,8.3,2149,,RAMGARH,
Jharkhand,Ramgarh,IMD110-P2149,1921,29.3,7.9,0.0,34.3,13.5,231.8,356.6,281.8,182.1,8.9,0.0,0.0,1146.2,37.2,47.8,1052.3,8.9,2149,,RAMGARH,
Jharkhand,Ramgarh,IMD110-P2149,1922,5.1,10.1,0.0,12.1,11.4,297.4,496.3,230.2,261.0,49.8,3.0,0.0,1376.6,15.3,23.6,1284.9,52.8,2149,,RAMGARH,
Jharkhand,Ramgarh,IMD110-P2149,1923,10.1,99.0,0.0,0.0,15.3,178.2,370.0,505.0,132.4,24.1,22.8,0.0,1357.0,109.2,15.3,1185.6,46.9,2149,,RAMGARH,
Jharkhand,Ramgarh,IMD110-P2149,1924,4.7,1.1,0.4,19.6,11.3,124.5,571.7,348.8,226.9,75.6,96.8,0.0,1481.4,5.8,31.4,1271.8,172.4,2149,,RAMGARH,
Jharkhand,Ramgarh,IMD110-P2149,1925,3.8,5.6,17.4,31.0,122.6,205.4,330.0,401.4,113.9,79.6,0.0,0.0,1310.7,9.4,171.0,1050.7,79.6,2149,,RAMGARH,
Jharkhand,Ramgarh,IMD110-P2149,1926,47.5,0.8,119.1,2.5,23.0,81.3,514.0,468.3,255.5,43.7,2.5,62.1,1620.3,48.3,144.6,1319.1,108.3,2149,,RAMGARH,
Jharkhand,Ramgarh,IMD110-P2149,1927,35.3,118.1,30.2,1.0,49.3,67.6,372.5,290.2,77.9,41.3,12.6,0.0,1095.8,153.4,80.5,808.1,53.8,2149,,RAMGARH,
Jharkhand,Ramgarh,IMD110-P2149,1928,60.1,28.8,0.5,28.7,65.4,376.2,314.2,128.4,60.1,181.4,0.0,0.0,1243.8,88.9,94.6,878.9,181.4,2149,,RAMGARH,
Jharkhand,Ramgarh,IMD110-P2149,1929,48.4,23.4,28.9,2.7,0.6,67.9,390.3,273.7,126.1,423.5,0.0,61.9,1447.3,71.8,32.2,858.0,485.4,2149,,RAMGARH,
Jharkhand,Ramgarh,IMD110-P2149,1930,0.0,0.0,0.0,24.2,0.0,132.9,688.1,376.3,126.7,9.7,166.4,6.6,1530.8,0.0,24.2,1323.9,182.7,2149,,RAMGARH,
Jharkhand,Ramgarh,IMD110-P2149,1931,11.1,202.9,19.0,1.9,9.3,111.2,322.8,365.3,279.3,146.3,2.2,0.0,1471.3,214.0,30.2,1078.6,148.4,2149,,RAMGARH,
Jharkhand,Ramgarh,IMD110-P2149,1932,0.0,32.1,0.0,7.9,52.1,174.8,306.1,279.8,275.3,26.0,58.2,2.5,1214.9,32.1,60.0,1036.1,86.8,2149,,RAMGARH,
Jharkhand,Ramgarh,IMD110-P2149,1933,52.1,46.8,3.0,30.1,98.2,255.5,273.4,355.3,180.8,75.9,0.0,0.0,1371.1,98.9,131.3,1064.9,75.9,2149,,RAMGARH,
Jharkhand,Ramgarh,IMD110-P2149,1934,57.0,7.8,0.6,27.9,7.0,168.4,310.8,331.8,134.5,41.2,6.6,0.0,1093.6,64.8,35.5,945.5,47.7,2149,,RAMGARH,
Jharkhand,Ramgarh,IMD110-P2149,1935,39.9,12.3,14.2,9.8,2.3,158.3,228.3,422.4,226.7,0.0,0.0,0.0,1114.2,52.2,26.3,1035.7,0.0,2150,,RAMGARH,
Jharkhand,Ramgarh,IMD110-P2149,1936,10.1,32.7,18.0,16.8,129.8,314.1,422.4,376.5,279.1,61.9,63.2,28.5,1753.1,42.8,164.6,1392.1,153.6,2150,,RAMGARH,
Jharkhand,Ramgarh,IMD110-P2149,1937,0.0,113.5,0.0,32.4,44.2,175.0,277.4,301.5,350.3,127.5,0.0,0.0,1421.8,113.5,76.6,1104.2,127.5,2150,,RAMGARH,
Jharkhand,Ramgarh,IMD110-P2149,1938,27.8,66.5,0.0,0.0,53.2,139.4,182.9,291.5,159.6,22.0,0.0,0.0,943.0,94.3,53.2,773.5,22.0,2150,,RAMGARH,
Jharkhand,Ramgarh,IMD110-P2149,1939,6.7,39.5,26.0,18.9,11.5,302.9,383.0,235.4,253.0,80.9,0.0,0.0,1357.9,46.3,56.3,1174.4,80.9,2150,,RAMGARH,
Jharkhand,Ramgarh,IMD110-P2149,1940,0.0,14.8,112.2,8.6,26.5,123.7,330.6,477.3,85.4,15.4,0.0,25.3,1219.8,14.8,147.3,1017.0,40.7,2150,,RAMGARH,
Jharkhand,Ramgarh,IMD110-P2149,1941,42.0,4.1,3.8,0.0,60.1,325.2,328.8,281.3,140.3,182.0,11.6,0.0,1378.9,46.0,63.9,1075.5,193.5,2150,,RAMGARH,
Jharkhand,Ramgarh,IMD110-P2149,1942,3.4,33.3,18.1,49.0,24.1,94.1,613.8,297.5,307.5,11.0,0.4,0.0,1452.1,36.7,91.2,1312.8,11.4,2150,,RAMGARH,
Jharkhand,Ramgarh,IMD110-P2149,1943,19.5,3.5,1.0,20.1,28.2,83.6,361.5,490.9,170.5,143.9,0.0,0.0,1322.8,23.0,49.4,1106.5,143.9,2150,,RAMGARH,
Jharkhand,Ramgarh,IMD110-P2149,1944,40.1,61.9,26.5,4.3,33.5,124.7,349.6,377.5,126.4,118.6,6.6,0.0,1269.7,102.0,64.3,978.2,125.2,2150,,RAMGARH,
Jharkhand,Ramgarh,IMD110-P2149,1945,61.8,44.3,0.0,18.2,77.2,143.1,490.4,400.3,320.7,127.3,3.3,0.2,1686.8,106.1,95.4,1354.6,130.7,2150,,RAMGARH,
Jharkhand,Ramgarh,IMD110-P2149,1946,0.0,5.8,32.5,91.9,159.6,353.4,502.1,444.8,190.3,135.9,12.7,0.0,1928.8,5.8,283.9,1490.5,148.6,2150,,RAMGARH,
Jharkhand,Ramgarh,IMD110-P2149,1947,10.3,22.1,,,52.3,408.2,346.7,349.9,250.4,102.6,0.0,30.2,,32.4,,1355.2,132.8,2150,missing_months,RAMGARH,
Jharkhand,Ramgarh,IMD110-P2149,1948,8.9,41.9,6.3,1.4,93.3,219.0,491.2,352.1,260.5,260.9,119.6,0.0,1855.1,50.8,101.0,1322.8,380.5,2150,,RAMGARH,
Jharkhand,Ramgarh,IMD110-P2149,1949,23.8,21.0,3.2,62.5,150.9,172.1,399.5,434.3,181.5,78.0,0.0,0.0,1526.5,44.7,216.5,1187.3,78.0,2150,,RAMGARH,
Jharkhand,Ramgarh,IMD110-P2149,1950,0.0,13.1,50.7,0.0,28.0,414.6,618.7,431.8,296.2,44.9,5.9,27.2,1931.1,13.1,78.6,1761.3,78.1,2150,,RAMGARH,
Jharkhand,Ramgarh,IMD110-P2149,1951,4.8,0.0,37.8,33.2,5.6,163.3,348.0,311.0,232.0,124.8,2.8,0.0,1263.4,4.8,76.7,1054.3,127.6,2150,,RAMGARH,
Jharkhand,Ramgarh,IMD110-P2149,1952,13.0,,26.4,53.9,140.3,234.9,,390.7,105.2,155.7,0.0,,,,220.6,,,2150,missing_months,RAMGARH,
Jharkhand,Ramgarh,IMD110-P2149,1953,0.0,38.1,0.0,24.1,90.6,282.6,473.8,774.3,365.4,16.3,9.7,,,38.1,114.7,1896.1,,2150,missing_months,RAMGARH,
Jharkhand,Ramgarh,IMD110-P2149,1954,13.2,,0.0,0.0,0.0,206.0,230.9,239.3,239.5,0.0,0.0,0.0,,,0.0,915.7,0.0,2150,missing_months,RAMGARH,
Jharkhand,Ramgarh,IMD110-P2149,1955,10.2,33.0,,,,,214.8,129.6,195.1,134.8,15.2,0.0,,43.2,,,150.0,2150,missing_months,RAMGARH,
Jharkhand,Ramgarh,IMD110-P2149,1956,7.7,36.5,37.5,0.0,111.3,357.0,294.3,373.2,349.5,299.6,0.0,1.3,1867.9,44.2,148.8,1374.0,300.9,2150,,RAMGARH,
Jharkhand,Ramgarh,IMD110-P2149,1957,0.0,21.6,6.1,0.0,0.0,26.6,472.7,273.3,222.8,0.0,0.0,0.0,1023.1,21.6,6.1,995.4,0.0,2150,,RAMGARH,
Jharkhand,Ramgarh,IMD110-P2149,1958,12.7,7.8,6.3,22.9,6.3,78.2,289.6,268.1,449.0,88.0,0.0,0.0,1228.9,20.5,35.5,1084.9,88.0,2150,,RAMGARH,
Jharkhand,Ramgarh,IMD110-P2149,1960,0.8,0.0,20.0,0.0,0.0,116.0,374.0,278.0,152.0,,,0.0,,0.8,20.0,920.0,,2150,missing_months,RAMGARH,
Jharkhand,Ramgarh,IMD110-P2149,1961,7.4,67.8,0.0,3.0,1.2,319.2,399.7,320.1,330.0,176.9,0.0,2.8,1628.0,75.2,4.2,1369.0,179.7,2150,,RAMGARH,
Jharkhand,Ramgarh,IMD110-P2149,1962,12.2,15.8,29.8,28.0,5.3,142.1,294.9,191.9,209.4,23.2,0.0,10.2,962.8,28.0,63.1,838.3,33.4,2150,,RAMGARH,
Jharkhand,Ramgarh,IMD110-P2149,1963,,21.5,10.0,24.8,107.7,131.7,,123.2,309.7,166.4,0.0,0.0,,,142.5,,166.4,2150,missing_months,RAMGARH,
Jharkhand,Ramgarh,IMD110-P2149,1964,0.0,0.0,0.0,25.0,86.0,145.3,298.1,165.8,,133.5,0.0,0.0,,0.0,111.0,,133.5,2150,missing_months,RAMGARH,
Jharkhand,Ramgarh,IMD110-P2149,1965,0.0,14.2,24.6,86.0,9.0,182.6,480.8,196.2,371.7,28.6,0.0,0.0,1393.7,14.2,119.6,1231.3,28.6,2150,,RAMGARH,
Jharkhand,Ramgarh,IMD110-P2149,1966,37.0,0.0,0.0,0.0,13.2,226.3,181.7,227.4,95.8,5.0,13.2,21.2,820.8,37.0,13.2,731.2,39.4,2150,,RAMGARH,
Jharkhand,Ramgarh,IMD110-P2149,1967,0.0,5.5,33.6,20.3,31.4,42.9,266.0,386.1,230.0,33.0,0.0,10.1,1059.0,5.5,85.3,925.0,43.1,2150,,RAMGARH,
Jharkhand,Ramgarh,IMD110-P2149,1968,50.1,6.3,5.0,5.2,12.0,226.3,263.9,419.8,82.6,45.5,0.0,2.8,1119.4,56.4,22.2,992.5,48.3,2150,,RAMGARH,
Jharkhand,Ramgarh,IMD110-P2149,1969,0.0,0.0,0.0,37.8,72.0,172.1,293.0,307.2,146.7,15.3,0.0,0.0,1044.2,0.0,109.8,919.0,15.3,2150,,RAMGARH,
Jharkhand,Ramgarh,IMD110-P2149,1970,22.3,14.0,26.8,8.3,44.0,203.4,294.0,190.2,452.9,100.4,0.0,0.0,1356.4,36.3,79.2,1140.5,100.4,2151,,RAMGARH,
Jharkhand,Ramgarh,IMD110-P2149,1974,2.1,0.0,0.0,0.0,46.5,22.7,278.5,233.4,153.3,79.3,0.0,0.0,816.0,2.1,46.5,688.0,79.3,2151,,RAMGARH,
Jharkhand,Ramgarh,IMD110-P2149,1975,24.5,6.0,40.0,7.1,9.2,103.9,385.9,237.7,203.0,81.0,0.0,0.0,1098.4,30.5,56.3,930.5,81.0,2151,,RAMGARH,
Jharkhand,Ramgarh,IMD110-P2149,1976,0.0,9.4,0.0,35.7,47.3,62.3,263.4,283.8,398.2,6.5,0.0,0.0,1106.6,9.4,83.0,1007.8,6.5,2151,,RAMGARH,
Jharkhand,Ramgarh,IMD110-P2149,1977,15.6,16.9,5.5,52.2,99.4,358.0,388.1,283.3,149.0,5.3,44.5,17.9,1435.8,32.5,157.1,1178.4,67.7,2151,,RAMGARH,
Jharkhand,Ramgarh,IMD110-P2149,1978,11.6,34.9,27.8,25.9,17.1,151.0,151.4,214.4,153.5,157.9,3.0,3.3,951.8,46.5,70.8,670.2,164.3,2151,,RAMGARH,
Jharkhand,Ramgarh,IMD110-P2149,1979,27.7,102.2,158.5,6.0,0.0,105.8,118.1,130.9,73.6,23.8,13.7,7.1,767.3,129.9,164.5,428.3,44.6,2151,,RAMGARH,
Jharkhand,Ramgarh,IMD110-P2149,1980,7.5,13.0,22.0,2.1,16.0,179.4,86.9,250.5,229.1,64.8,0.0,0.0,871.3,20.5,40.1,745.9,64.8,2151,,RAMGARH,
Jharkhand,Ramgarh,IMD110-P2149,1981,29.9,68.4,33.0,83.3,153.1,113.8,357.5,122.3,149.9,0.0,0.0,0.0,1111.3,98.3,269.4,743.6,0.0,2151,,RAMGARH,
Jharkhand,Ramgarh,IMD110-P2149,1982,4.6,31.8,33.0,28.2,53.1,203.2,160.6,201.6,35.8,13.7,4.8,0.0,770.3,36.4,114.3,601.1,18.5,2151,,RAMGARH,
Jharkhand,Ramgarh,IMD110-P2149,1983,9.1,17.3,0.0,15.6,40.0,88.9,225.4,224.8,243.1,49.7,0.0,0.0,914.0,26.4,55.7,782.3,49.7,2151,,RAMGARH,
Jharkhand,Ramgarh,IMD110-P2149,1984,29.9,13.4,0.0,47.9,41.5,642.7,291.5,376.4,184.5,52.7,0.0,0.0,1680.3,43.2,89.4,1495.0,52.7,2151,,RAMGARH,
Jharkhand,Ramgarh,IMD110-P2149,1985,19.9,14.4,0.0,37.5,54.7,285.0,509.3,305.1,358.0,197.8,0.0,0.0,1781.7,34.3,92.2,1457.4,197.8,2151,,RAMGARH,
Jharkhand,Ramgarh,IMD110-P2149,1986,6.2,5.1,1.4,13.0,73.8,339.0,575.1,332.0,235.7,140.9,27.5,55.1,1804.8,11.3,88.3,1481.7,223.5,2151,,RAMGARH,
Jharkhand,Ramgarh,IMD110-P2149,1987,0.6,29.5,3.1,29.8,29.1,60.3,440.1,416.5,368.7,3.7,55.6,24.4,1461.4,30.1,62.1,1285.6,83.7,2151,,RAMGARH,
Jharkhand,Ramgarh,IMD110-P2149,1988,14.4,6.1,55.3,28.2,9.1,395.7,176.0,229.7,78.0,59.8,0.0,0.0,1052.3,20.5,92.6,879.4,59.8,2151,,RAMGARH,
Jharkhand,Ramgarh,IMD110-P2149,1989,0.4,0.0,0.0,0.0,25.9,234.8,323.8,254.4,197.3,68.7,28.0,31.4,1164.6,0.4,25.9,1010.3,128.1,2151,,RAMGARH,
Jharkhand,Ramgarh,IMD110-P2149,1990,,,,9.0,325.8,304.2,665.0,342.5,319.1,116.0,,,,,,1630.8,,2151,missing_months,RAMGARH,
Jharkhand,Ramgarh,IMD110-P2149,1991,10.4,9.6,89.3,50.9,56.3,276.9,325.0,428.2,292.3,59.1,0.0,36.7,1634.9,20.0,196.6,1322.4,95.8,2151,,RAMGARH,
Jharkhand,Ramgarh,IMD110-P2149,1992,0.0,1.8,0.0,7.9,77.4,150.3,315.9,233.7,133.4,14.7,0.0,0.0,935.1,1.8,85.3,833.3,14.7,2151,,RAMGARH,
Jharkhand,Ramgarh,IMD110-P2149,1993,0.0,0.5,0.4,33.5,43.6,256.9,274.8,184.7,383.6,38.8,3.5,0.0,1220.4,0.5,77.5,1100.1,42.4,2151,,RAMGARH,
Jharkhand,Ramgarh,IMD110-P2149,1994,21.8,15.6,0.0,10.6,37.7,467.0,480.9,387.2,80.7,78.1,0.0,0.0,1579.6,37.3,48.4,1415.8,78.1,2151,,RAMGARH,
Jharkhand,Ramgarh,IMD110-P2149,1995,10.9,17.8,9.8,0.0,25.1,92.0,323.0,271.5,346.6,54.0,82.8,20.6,1254.1,28.6,34.9,1033.1,157.5,2151,,RAMGARH,
Jharkhand,Ramgarh,IMD110-P2149,1996,12.1,33.3,0.7,0.3,23.4,383.6,174.5,362.6,189.0,20.5,0.0,0.0,1200.0,45.4,24.4,1109.7,20.5,2151,,RAMGARH,
Jharkhand,Ramgarh,IMD110-P2149,1997,18.8,8.1,0.0,18.2,6.6,192.8,429.9,376.9,168.6,42.2,24.0,49.5,1335.5,27.0,24.8,1168.1,115.7,2151,,RAMGARH,
Jharkhand,Ramgarh,IMD110-P2149,1998,91.5,42.1,61.4,45.0,40.0,159.2,258.1,294.2,426.4,55.3,6.3,0.0,1479.5,133.6,146.4,1137.9,61.6,2151,,RAMGARH,
Jharkhand,Ramgarh,IMD110-P2149,1999,0.0,0.0,0.0,0.0,85.6,298.4,511.4,512.9,212.7,146.2,5.0,0.0,1772.2,0.0,85.6,1535.4,151.2,2151,,RAMGARH,
Jharkhand,Ramgarh,IMD110-P2149,2000,3.2,19.6,7.5,22.5,39.5,204.7,266.0,273.4,236.9,23.2,0.0,0.0,1096.6,22.9,69.5,981.1,23.2,2151,,RAMGARH,
Jharkhand,Ramgarh,IMD110-P2149,2001,0.0,3.3,47.8,2.2,61.5,492.3,347.4,233.1,104.9,105.4,0.0,0.0,1397.9,3.3,111.5,1177.6,105.4,2151,,RAMGARH,
Jharkhand,Ramgarh,IMD110-P2149,2002,5.1,6.2,10.9,12.8,51.0,231.2,133.7,280.3,235.1,126.9,0.0,0.0,1093.3,11.3,74.7,880.4,126.9,2151,,RAMGARH,
Jharkhand,Ramgarh,IMD110-P2149,2003,19.5,59.4,85.3,17.6,20.1,184.3,300.8,201.6,252.3,294.4,0.0,0.0,1435.1,78.9,122.9,939.0,294.4,2151,,RAMGARH,
Jharkhand,Ramgarh,IMD110-P2149,2004,0.0,0.0,1.0,101.3,66.6,154.1,166.9,360.0,252.3,,0.0,0.4,,0.0,168.9,933.3,,2151,missing_months,RAMGARH,
Jharkhand,Ramgarh,IMD110-P2149,2005,39.3,23.3,10.5,34.7,0.0,125.2,258.4,227.8,100.1,11.9,0.0,0.0,831.1,62.6,45.2,711.4,11.9,2151,,RAMGARH,
Jharkhand,Ramgarh,IMD110-P2149,2006,0.0,0.0,28.8,32.6,168.2,160.9,246.1,165.6,270.1,4.4,0.0,0.0,1076.7,0.0,229.6,842.7,4.4,2151,,RAMGARH,
Jharkhand,Ramgarh,IMD110-P2149,2007,0.0,73.8,46.9,10.0,43.0,83.6,364.6,287.9,303.4,22.5,0.0,0.0,1235.7,73.8,99.9,1039.4,22.5,2152,,RAMGARH,
Jharkhand,Ramgarh,IMD110-P2149,2008,15.8,2.0,6.1,2.8,29.3,283.0,494.3,339.4,181.5,7.1,0.0,0.0,1361.4,17.8,38.2,1298.3,7.1,2152,,RAMGARH,
Jharkhand,Ramgarh,IMD110-P2149,2009,5.0,0.0,0.0,0.0,45.7,24.9,253.2,247.5,277.3,68.8,13.8,0.0,936.1,5.0,45.7,802.8,82.6,2152,,RAMGARH,
Jharkhand,Ramgarh,IMD110-P2149,2010,0.0,0.0,0.0,0.0,3.1,33.8,185.6,151.1,167.6,54.7,0.0,13.3,609.2,0.0,3.1,538.1,68.0,2152,,RAMGARH,
Jharkhand,Ranchi,IMD110-P2153,1901,86.8,92.3,6.8,25.0,52.1,85.9,342.1,418.1,262.3,12.5,4.9,0.0,1388.7,179.0,83.9,1108.4,17.4,2153,,RANCHI,
Jharkhand,Ranchi,IMD110-P2153,1902,2.0,13.6,25.4,7.0,57.8,69.4,344.6,201.8,259.5,26.5,12.6,1.6,1022.0,15.7,90.2,875.4,40.8,2153,,RANCHI,
Jharkhand,Ranchi,IMD110-P2153,1903,23.0,8.5,17.0,51.8,58.8,159.4,225.2,279.0,172.4,206.0,0.1,0.0,1201.4,31.6,127.7,836.1,206.1,2153,,RANCHI,
Jharkhand,Ranchi,IMD110-P2153,1904,0.0,15.9,43.4,15.7,125.0,339.6,651.0,271.5,105.3,16.5,0.9,1.2,1586.0,15.9,184.1,1367.4,18.6,2153,,RANCHI,
Jharkhand,Ranchi,IMD110-P2153,1905,53.5,35.7,20.6,35.5,79.9,46.6,407.4,266.1,249.9,6.4,0.0,5.8,1207.4,89.3,136.0,970.0,12.2,2153,,RANCHI,
Jharkhand,Ranchi,IMD110-P2153,1906,38.0,160.9,35.0,5.5,34.0,204.3,348.9,366.1,169.7,82.0,0.3,0.0,1444.6,198.9,74.5,1089.0,82.3,2153,,RANCHI,
Jharkhand,Ranchi,IMD110-P2153,1907,0.5,45.5,91.5,16.7,1.3,327.6,230.6,438.4,131.2,1.1,0.0,29.3,1313.8,46.0,109.5,1127.9,30.4,2153,,RANCHI,
Jharkhand,Ranchi,IMD110-P2153,1908,16.8,30.7,0.0,0.0,76.4,255.2,353.5,362.8,187.7,6.2,0.0,0.0,1289.3,47.5,76.4,1159.1,6.2,2153,,RANCHI,
Jharkhand,Ranchi,IMD110-P2153,1909,24.7,8.7,3.5,82.3,30.8,249.4,306.9,310.7,329.4,46.7,0.0,18.6,1411.7,33.4,116.6,1196.4,65.3,2153,,RANCHI,
Jharkhand,Ranchi,IMD110-P2153,1910,30.6,2.7,1.4,10.1,63.3,302.9,279.3,351.6,309.8,89.3,0.7,0.0,1441.5,33.3,74.8,1243.5,89.9,2153,,RANCHI,
Jharkhand,Ranchi,IMD110-P2153,1911,0.0,0.0,30.5,0.4,38.0,305.0,177.2,431.9,291.9,109.8,62.2,0.0,1446.9,0.0,68.9,1206.0,172.0,2153,,RANCHI,
Jharkhand,Ranchi,IMD110-P2153,1912,2.2,42.8,15.6,31.3,26.4,188.3,366.4,410.9,86.3,17.3,35.2,0.0,1222.6,45.0,73.3,1051.8,52.5,2153,,RANCHI,
Jharkhand,Ranchi,IMD110-P2153,1913,0.4,183.1,42.3,0.0,50.7,391.5,351.9,322.2,136.1,64.5,31.6,8.7,1582.9,183.5,92.9,1201.7,104.7,2153,,RANCHI,
Jharkhand,Ranchi,IMD110-P2153,1914,0.0,25.6,21.2,15.6,166.7,128.5,361.1,267.9,154.7,15.0,0.0,11.9,1168.1,25.6,203.4,912.2,26.9,2153,,RANCHI,
Jharkhand,Ranchi,IMD110-P2153,1915,10.3,37.3,38.1,20.1,55.4,170.5,315.9,230.9,239.6,65.8,21.9,0.0,1205.7,47.6,113.6,956.9,87.7,2153,,RANCHI,
Jharkhand,Ranchi,IMD110-P2153,1916,0.0,8.7,0.1,30.0,64.5,239.5,153.3,333.3,222.0,221.8,5.0,0.0,1278.2,8.7,94.6,948.1,226.9,2153,,RANCHI,
Jharkhand,Ranchi,IMD110-P2153,1917,1.3,50.7,12.9,6.4,123.7,284.7,373.8,420.8,323.1,307.0,0.0,0.0,1904.3,52.0,143.0,1402.3,307.0,2153,,RANCHI,
Jharkhand,Ranchi,IMD110-P2153,1918,6.7,1.7,8.9,29.2,79.5,484.3,128.9,304.5,129.4,0.0,0.0,0.7,1173.9,8.4,117.6,1047.2,0.7,2153,,RANCHI,
Jharkhand,Ranchi,IMD110-P2153,1919,141.0,12.5,35.0,30.6,48.4,378.9,297.6,463.5,347.2,74.9,0.6,0.0,1830.1,153.5,113.9,1487.2,75.5,2153,,RANCHI,
Jharkhand,Ranchi,IMD110-P2153,1920,0.0,20.8,88.8,8.8,37.5,88.9,675.6,378.2,137.2,2.3,0.0,0.0,1438.0,20.8,135.1,1279.9,2.3,2153,,RANCHI,
Jharkhand,Ranchi,IMD110-P2153,1921,36.4,29.8,0.0,52.5,16.5,200.7,270.5,368.9,206.1,39.1,0.0,0.0,1220.5,66.2,69.1,1046.2,39.1,2153,,RANCHI,
Jharkhand,Ranchi,IMD110-P2153,1922,4.8,6.7,0.0,29.4,27.6,249.4,484.2,320.7,244.6,75.3,8.8,0.1,1451.5,11.4,57.0,1298.9,84.2,2153,,RANCHI,
Jharkhand,Ranchi,IMD110-P2153,1923,1.5,78.3,4.3,2.1,20.8,226.0,597.3,732.5,121.5,46.6,13.6,0.5,1845.0,79.8,27.1,1677.2,60.8,2153,,RANCHI,
Jharkhand,Ranchi,IMD110-P2153,1924,33.0,17.3,0.1,5.5,23.6,115.9,446.7,286.0,379.4,62.8,111.5,0.0,1481.7,50.3,29.1,1228.0,174.3,2153,,RANCHI,
Jharkhand,Ranchi,IMD110-P2153,1925,0.8,11.3,6.6,30.6,104.3,203.8,366.8,299.9,124.7,65.2,0.3,0.0,1214.2,12.2,141.5,995.1,65.4,2153,,RANCHI,
Jharkhand,Ranchi,IMD110-P2153,1926,38.9,7.0,139.6,15.9,46.2,51.8,539.7,432.5,293.6,45.1,4.0,27.6,1641.8,45.9,201.7,1317.5,76.7,2153,,RANCHI,
Jharkhand,Ranchi,IMD110-P2153,1927,28.5,115.4,33.4,3.7,28.6,84.7,456.4,286.9,129.7,73.8,11.5,0.0,1252.6,143.9,65.7,957.6,85.3,2153,,RANCHI,
Jharkhand,Ranchi,IMD110-P2153,1928,59.5,14.4,4.9,33.9,56.0,280.2,378.0,182.9,115.0,150.9,0.0,15.4,1291.1,73.9,94.8,956.2,166.3,2153,,RANCHI,
Jharkhand,Ranchi,IMD110-P2153,1929,85.0,23.1,15.5,12.8,13.2,89.5,514.9,376.1,99.7,226.5,0.0,61.7,1518.0,108.2,41.5,1080.1,288.2,2153,,RANCHI,
Jharkhand,Ranchi,IMD110-P2153,1930,0.6,4.8,12.1,21.1,12.4,134.0,551.1,348.2,286.0,53.4,166.2,2.7,1592.5,5.3,45.6,1319.2,222.3,2153,,RANCHI,
Jharkhand,Ranchi,IMD110-P2153,1931,3.6,169.2,13.9,2.5,48.0,152.9,326.1,291.5,213.5,173.1,18.1,0.2,1412.4,172.8,64.3,984.0,191.4,2153,,RANCHI,
Jharkhand,Ranchi,IMD110-P2153,1932,0.0,31.8,2.3,23.2,57.2,81.3,334.3,292.9,297.8,55.5,58.7,0.5,1235.4,31.8,82.6,1006.3,114.7,2153,,RANCHI,
Jharkhand,Ranchi,IMD110-P2153,1933,62.3,57.6,8.3,35.2,120.1,271.8,345.6,350.7,245.1,70.7,0.1,14.3,1581.9,119.9,163.6,1213.2,85.1,2153,,RANCHI,
Jharkhand,Ranchi,IMD110-P2153,1934,6.4,4.5,0.6,18.3,7.5,188.0,274.8,358.4,173.6,66.5,8.8,4.4,1111.8,10.9,26.5,994.8,79.8,2154,,RANCHI,
Jharkhand,Ranchi,IMD110-P2153,1935,27.8,17.1,23.3,31.6,0.0,101.2,281.0,384.5,183.0,0.0,0.0,0.8,1050.3,44.9,54.9,949.7,0.8,2154,,RANCHI,
Jharkhand,Ranchi,IMD110-P2153,1936,20.1,15.6,15.5,3.5,109.4,294.9,378.4,340.6,332.0,140.3,28.5,9.8,1688.6,35.7,128.4,1346.0,178.5,2154,,RANCHI,
Jharkhand,Ranchi,IMD110-P2153,1937,0.0,117.7,2.5,17.8,48.9,236.9,362.0,283.2,280.5,128.5,0.0,0.0,1478.0,117.7,69.2,1162.6,128.5,2154,,RANCHI,
Jharkhand,Ranchi,IMD110-P2153,1938,44.8,58.3,0.0,0.5,124.2,167.9,264.8,374.9,201.6,35.0,2.9,0.0,1274.9,103.0,124.8,1009.2,38.0,2154,,RANCHI,
Jharkhand,Ranchi,IMD110-P2153,1939,14.0,61.0,42.6,20.0,14.7,190.1,308.8,364.8,226.8,218.9,0.0,3.3,1465.0,75.0,77.3,1090.5,222.2,2154,,RANCHI,
Jharkhand,Ranchi,IMD110-P2153,1940,0.7,26.6,112.8,19.5,56.0,142.4,363.9,357.3,116.4,56.6,0.1,19.6,1271.7,27.3,188.2,979.9,76.2,2154,,RANCHI,
Jharkhand,Ranchi,IMD110-P2153,1941,50.9,4.3,2.7,3.8,52.6,353.1,415.3,433.1,151.3,233.6,31.4,0.1,1732.2,55.2,59.1,1352.8,265.1,2154,,RANCHI,
Jharkhand,Ranchi,IMD110-P2153,1942,11.2,59.2,14.8,50.4,16.2,149.8,513.3,443.3,341.0,20.3,2.9,2.5,1625.0,70.3,81.4,1447.4,25.8,2154,,RANCHI,
Jharkhand,Ranchi,IMD110-P2153,1943,71.2,9.9,0.1,25.7,45.4,136.8,340.7,455.0,272.4,88.9,0.0,0.0,1446.1,81.1,71.2,1204.8,88.9,2154,,RANCHI,
Jharkhand,Ranchi,IMD110-P2153,1944,44.8,84.7,41.6,29.6,27.7,133.6,399.9,436.2,140.7,114.4,14.2,0.4,1467.8,129.5,98.9,1110.4,129.0,2154,,RANCHI,
Jharkhand,Ranchi,IMD110-P2153,1945,51.4,24.3,0.1,18.0,53.9,172.1,246.5,300.8,292.2,142.7,8.1,3.3,1313.4,75.7,72.0,1011.6,154.1,2154,,RANCHI,
Jharkhand,Ranchi,IMD110-P2153,1946,0.0,29.0,25.5,69.4,76.8,296.7,280.2,310.1,140.3,133.3,40.1,0.0,1401.3,29.0,171.8,1027.2,173.4,2154,,RANCHI,
Jharkhand,Ranchi,IMD110-P2153,1947,19.9,37.5,47.2,0.0,30.0,222.6,252.1,309.3,234.8,147.6,16.1,24.5,1341.6,57.5,77.2,1018.8,188.2,2154,,RANCHI,
Jharkhand,Ranchi,IMD110-P2153,1948,33.1,29.4,28.2,2.9,62.3,213.9,431.3,265.1,194.7,121.0,129.8,0.0,1511.6,62.4,93.3,1105.0,250.8,2154,,RANCHI,
Jharkhand,Ranchi,IMD110-P2153,1949,19.5,21.1,8.4,76.9,101.4,223.7,352.9,409.5,183.0,78.4,0.0,0.9,1475.8,40.6,186.7,1169.2,79.3,2154,,RANCHI,
Jharkhand,Ranchi,IMD110-P2153,1950,0.0,9.8,43.1,6.4,62.5,391.4,461.3,334.9,262.6,27.3,10.9,2.1,1612.3,9.8,112.0,1450.2,40.3,2154,,RANCHI,
Jharkhand,Ranchi,IMD110-P2153,1951,5.0,0.3,56.6,29.3,30.6,169.5,252.9,297.4,224.7,72.1,4.5,0.0,1142.9,5.3,116.5,944.5,76.6,2154,,RANCHI,
Jharkhand,Ranchi,IMD110-P2153,1952,7.7,10.1,33.8,43.1,51.2,152.6,395.3,388.0,259.4,84.6,0.0,0.7,1426.5,17.9,128.0,1195.3,85.3,2154,,RANCHI,
Jharkhand,Ranchi,IMD110-P2153,1953,44.3,16.2,0.0,13.2,57.9,246.6,409.2,424.0,351.2,28.9,16.9,0.2,1608.6,60.5,71.0,1431.0,46.0,2154,,RANCHI,
Jharkhand,Ranchi,IMD110-P2153,1954,11.6,7.2,5.0,7.8,15.2,134.6,284.0,204.2,278.5,21.7,0.0,10.2,980.0,18.8,28.0,901.3,31.9,2154,,RANCHI,
Jharkhand,Ranchi,IMD110-P2153,1955,62.4,10.6,7.4,4.1,42.5,184.0,343.7,224.8,161.6,106.9,12.0,0.0,1160.1,73.0,54.1,914.1,118.9,2154,,RANCHI,
Jharkhand,Ranchi,IMD110-P2153,1956,11.8,26.2,113.8,2.5,86.3,193.6,278.2,284.4,317.9,135.1,10.0,7.2,1467.0,38.1,202.6,1074.1,152.3,2154,,RANCHI,
Jharkhand,Ranchi,IMD110-P2153,1957,33.3,38.7,41.6,2.6,10.9,159.2,466.7,316.8,284.6,18.6,0.0,0.0,1372.9,72.0,55.1,1227.3,18.6,2154,,RANCHI,
Jharkhand,Ranchi,IMD110-P2153,1958,15.1,54.1,22.4,38.1,7.8,110.2,388.8,240.2,340.5,133.5,1.2,0.0,1351.8,69.2,68.3,1079.8,134.7,2154,,RANCHI,
Jharkhand,Ranchi,IMD110-P2153,1959,32.9,17.0,12.0,25.9,90.5,236.2,310.8,290.9,332.6,286.2,0.0,0.0,1635.0,49.9,128.3,1170.6,286.2,2154,,RANCHI,
Jharkhand,Ranchi,IMD110-P2153,1960,8.6,0.0,22.5,2.4,11.1,156.2,347.8,524.8,244.1,52.0,0.9,0.0,1370.2,8.6,35.9,1272.9,52.9,2154,,RANCHI,
Jharkhand,Ranchi,IMD110-P2153,1961,2.4,80.6,0.0,1.3,21.7,332.7,285.1,435.0,294.2,198.4,2.4,2.1,1656.2,83.1,23.1,1347.1,202.9,2154,,RANCHI,
Jharkhand,Ranchi,IMD110-P2153,1962,13.2,39.1,13.2,15.3,32.9,223.5,247.3,236.7,201.5,27.0,0.0,20.4,1070.0,52.3,61.4,909.0,47.4,2154,,RANCHI,
Jharkhand,Ranchi,IMD110-P2153,1963,1.0,17.7,11.7,22.8,59.6,179.6,326.3,268.7,307.2,214.2,16.6,0.0,1425.4,18.6,94.2,1081.8,230.8,2154,,RANCHI,
Jharkhand,Ranchi,IMD110-P2153,1964,2.0,14.1,15.1,32.9,73.9,211.5,313.8,386.3,190.6,64.0,0.4,0.0,1304.5,16.1,121.9,1102.2,64.3,2154,,RANCHI,
Jharkhand,Ranchi,IMD110-P2153,1965,0.1,23.5,42.9,42.6,19.9,134.9,468.2,183.9,236.0,23.5,0.0,2.2,1177.6,23.6,105.4,1023.0,25.7,2154,,RANCHI,
Jharkhand,Ranchi,IMD110-P2153,1966,41.0,10.0,0.3,19.1,13.0,257.4,174.7,287.6,108.9,53.1,17.2,12.3,994.4,50.9,32.4,828.6,82.6,2154,,RANCHI,
Jharkhand,Ranchi,IMD110-P2153,1967,9.9,0.2,51.0,24.8,40.7,55.0,308.5,490.6,233.7,22.4,0.0,22.9,1259.6,10.0,116.5,1087.7,45.3,2154,,RANCHI,
Jharkhand,Ranchi,IMD110-P2153,1968,32.3,10.1,3.7,2.1,31.9,241.2,328.9,436.0,99.0,81.5,0.0,1.0,1267.8,42.4,37.8,1105.1,82.6,2155,,RANCHI,
Jharkhand,Ranchi,IMD110-P2153,1969,10.0,12.8,7.4,44.6,72.8,134.1,265.3,298.0,239.5,20.1,6.6,0.0,1111.2,22.8,124.8,936.9,26.7,2155,,RANCHI,
Jharkhand,Ranchi,IMD110-P2153,1970,31.6,19.6,31.9,9.1,36.8,213.8,361.5,251.5,507.3,55.2,0.0,0.0,1518.3,51.1,77.8,1334.1,55.2,2155,,RANCHI,
Jharkhand,Ranchi,IMD110-P2153,1971,51.9,14.9,0.3,63.2,73.1,315.3,362.4,570.0,222.6,123.4,4.4,0.0,1801.5,66.8,136.7,1470.3,127.8,2155,,RANCHI,
Jharkhand,Ranchi,IMD110-P2153,1972,4.3,51.0,0.2,19.2,0.3,70.7,357.7,343.4,161.6,89.7,61.0,0.0,1159.1,55.3,19.7,933.5,150.6,2155,,RANCHI,
Jharkhand,Ranchi,IMD110-P2153,1973,8.4,24.1,15.8,13.9,24.2,167.5,298.3,315.2,370.2,291.4,19.2,0.7,1548.9,32.4,53.9,1151.3,311.3,2155,,RANCHI,
Jharkhand,Ranchi,IMD110-P2153,1974,11.2,0.4,16.9,0.0,96.2,78.6,351.2,348.6,203.6,94.8,0.0,0.0,1201.5,11.6,113.1,982.0,94.8,2155,,RANCHI,
Jharkhand,Ranchi,IMD110-P2153,1975,27.9,24.9,25.2,10.6,15.3,122.5,517.8,690.2,224.2,113.7,0.0,0.0,1772.4,52.8,51.1,1554.7,113.7,2155,,RANCHI,
Jharkhand,Ranchi,IMD110-P2153,1976,0.0,53.7,5.8,28.2,43.8,123.6,357.1,338.2,562.7,9.5,0.8,0.7,1524.1,53.7,77.8,1381.5,11.0,2155,,RANCHI,
Jharkhand,Ranchi,IMD110-P2153,1977,21.1,19.2,4.9,73.2,111.5,281.2,500.3,424.1,180.7,25.6,31.6,24.2,1697.6,40.3,189.5,1386.4,81.3,2155,,RANCHI,
Jharkhand,Ranchi,IMD110-P2153,1978,8.8,53.3,68.2,33.3,26.4,326.5,295.5,357.5,380.7,81.8,6.1,14.1,1652.1,62.0,127.9,1360.2,102.0,2155,,RANCHI,
Jharkhand,Ranchi,IMD110-P2153,1979,29.0,53.2,12.9,5.9,6.8,165.2,268.8,142.7,119.8,30.9,20.3,8.9,864.4,82.2,25.7,696.4,60.1,2155,,RANCHI,
Jharkhand,Ranchi,IMD110-P2153,1980,18.4,13.8,34.7,34.9,41.0,293.8,336.4,208.4,236.2,61.7,0.0,1.5,1280.8,32.2,110.5,1074.8,63.2,2155,,RANCHI,
Jharkhand,Ranchi,IMD110-P2153,1981,45.5,43.1,18.9,16.9,91.3,143.8,385.9,202.6,185.4,5.3,4.0,3.1,1145.7,88.6,127.0,917.8,12.3,2155,,RANCHI,
Jharkhand,Ranchi,IMD110-P2153,1982,1.7,25.4,57.3,24.0,23.6,148.5,178.5,359.4,114.6,24.9,3.4,0.0,961.3,27.1,104.9,801.0,28.3,2155,,RANCHI,
Jharkhand,Ranchi,IMD110-P2153,1983,4.5,25.7,4.6,32.3,106.1,146.3,307.6,251.1,296.6,66.8,0.0,12.8,1254.4,30.2,143.1,1001.6,79.6,2155,,RANCHI,
Jharkhand,Ranchi,IMD110-P2153,1984,28.6,13.3,0.0,15.0,34.6,371.3,292.9,383.1,126.1,47.9,0.0,0.0,1312.9,41.9,49.6,1173.4,47.9,2155,,RANCHI,
Jharkhand,Ranchi,IMD110-P2153,1985,26.7,16.0,3.5,7.4,35.7,136.4,242.4,322.2,194.8,169.4,0.0,0.0,1154.5,42.7,46.6,895.8,169.4,2155,,RANCHI,
Jharkhand,Ranchi,IMD110-P2153,1986,9.1,22.0,7.4,24.7,71.2,223.1,353.3,211.2,160.0,72.0,40.2,50.4,1244.6,31.1,103.3,947.7,162.6,2155,,RANCHI,
Jharkhand,Ranchi,IMD110-P2153,1987,7.4,20.6,13.9,11.5,29.7,84.4,366.1,327.7,268.8,6.5,69.0,4.9,1210.5,27.9,55.2,1047.0,80.4,2155,,RANCHI,
Jharkhand,Ranchi,IMD110-P2153,1988,4.0,27.5,26.9,28.6,11.9,306.5,264.6,247.4,142.5,29.2,0.4,0.0,1089.5,31.5,67.4,961.0,29.7,2155,,RANCHI,
Jharkhand,Ranchi,IMD110-P2153,1989,3.5,0.0,2.5,0.0,31.8,244.8,253.7,311.6,184.9,75.2,21.0,28.3,1157.5,3.5,34.4,995.0,124.5,2155,,RANCHI,
Jharkhand,Ranchi,IMD110-P2153,1990,2.0,41.6,25.6,15.4,66.3,207.9,395.9,252.7,162.6,69.4,17.6,0.0,1256.9,43.6,107.4,1019.0,87.0,2155,,RANCHI,
Jharkhand,Ranchi,IMD110-P2153,1991,21.9,12.2,48.8,11.9,34.2,151.0,224.0,397.9,276.1,19.4,0.0,64.2,1261.7,34.2,94.9,1049.0,83.6,2155,,RANCHI,
Jharkhand,Ranchi,IMD110-P2153,1992,2.5,1.8,0.6,9.8,53.1,136.3,247.3,305.7,104.2,22.7,0.5,0.0,884.5,4.3,63.5,793.5,23.2,2155,,RANCHI,
Jharkhand,Ranchi,IMD110-P2153,1993,0.2,1.5,17.9,43.7,48.2,273.0,177.3,189.9,356.5,51.8,29.8,0.0,1189.7,1.6,109.8,996.6,81.6,2155,,RANCHI,
Jharkhand,Ranchi,IMD110-P2153,1994,20.9,13.7,0.0,36.1,45.5,506.3,556.6,329.6,177.9,125.0,9.0,0.0,1820.6,34.6,81.6,1570.4,134.0,2155,,RANCHI,
Jharkhand,Ranchi,IMD110-P2153,1995,10.9,12.3,31.8,1.5,17.7,110.6,364.0,313.1,355.9,44.1,89.0,32.0,1382.8,23.2,50.9,1143.6,165.1,2155,,RANCHI,
Jharkhand,Ranchi,IMD110-P2153,1996,16.8,22.8,7.2,2.7,12.6,349.2,294.9,379.9,142.3,19.7,0.0,0.0,1248.1,39.6,22.5,1166.3,19.7,2155,,RANCHI,
Jharkhand,Ranchi,IMD110-P2153,1997,12.1,6.9,2.2,19.0,4.8,284.0,336.3,506.6,207.0,55.6,62.5,56.2,1553.1,19.0,25.9,1333.8,174.3,2155,,RANCHI,
Jharkhand,Ranchi,IMD110-P2153,1998,102.7,19.8,51.6,33.7,42.7,133.0,279.9,273.7,328.5,126.2,13.1,0.0,1404.9,122.5,128.0,1015.2,139.3,2155,,RANCHI,
Jharkhand,Ranchi,IMD110-P2153,1999,0.0,0.1,0.2,2.9,67.0,287.2,411.1,361.9,177.7,155.5,1.1,0.0,1464.5,0.1,70.1,1237.9,156.5,2155,,RANCHI,
Jharkhand,Ranchi,IMD110-P2153,2000,18.4,29.0,9.8,12.4,84.5,208.0,373.2,184.8,194.5,6.3,0.0,0.0,1120.8,47.4,106.7,960.4,6.3,2155,,RANCHI,
Jharkhand,Ranchi,IMD110-P2153,2001,0.8,10.8,51.9,20.6,37.1,411.3,336.1,169.4,81.1,71.8,0.1,0.0,1191.1,11.6,109.7,997.9,71.9,2155,,RANCHI,
Jharkhand,Ranchi,IMD110-P2153,2002,14.0,7.3,18.5,10.9,24.6,216.9,195.8,264.2,262.7,64.9,3.2,1.8,1084.9,21.3,54.0,939.6,69.9,2156,,RANCHI,
Jharkhand,Ranchi,IMD110-P2153,2003,1.9,39.8,43.1,17.8,16.9,118.4,370.1,293.6,208.8,352.5,8.6,9.7,1481.2,41.8,77.7,990.9,370.9,2156,,RANCHI,
Jharkhand,Ranchi,IMD110-P2153,2004,14.9,9.1,6.4,69.8,46.3,193.2,216.8,387.0,188.1,117.3,0.0,3.1,1252.0,24.0,122.5,985.2,120.3,2156,,RANCHI,
Jharkhand,Ranchi,IMD110-P2153,2005,18.2,29.5,11.4,5.2,14.6,110.6,254.9,201.6,148.8,45.4,3.5,5.0,848.7,47.8,31.1,715.9,53.8,2156,,RANCHI,
Jharkhand,Ranchi,IMD110-P2153,2006,0.0,0.0,32.8,20.8,152.6,218.7,481.9,333.7,255.8,58.8,9.2,0.0,1564.3,0.0,206.3,1290.0,68.1,2156,,RANCHI,
Jharkhand,Ranchi,IMD110-P2153,2007,0.0,77.2,35.5,27.3,58.6,112.4,366.4,338.1,364.1,41.4,0.8,0.0,1421.9,77.2,121.5,1181.0,42.2,2156,,RANCHI,
Jharkhand,Ranchi,IMD110-P2153,2008,9.4,4.4,13.2,10.9,38.5,374.7,462.4,259.4,168.8,16.9,0.1,0.0,1358.7,13.8,62.7,1265.3,17.0,2156,,RANCHI,
Jharkhand,Ranchi,IMD110-P2153,2009,1.9,0.0,5.4,0.8,115.4,94.6,291.3,258.6,292.0,74.8,5.6,0.8,1141.1,1.9,121.5,936.5,81.2,2156,,RANCHI,
Jharkhand,Ranchi,IMD110-P2153,2010,0.0,8.5,0.0,10.6,25.2,99.1,187.1,156.6,226.0,61.7,6.5,24.6,805.7,8.5,35.8,668.6,92.8,2156,,RANCHI,
Jharkhand,Sahebganj,IMD110-P2157,1901,23.0,9.3,2.7,0.3,,150.5,277.3,276.6,217.7,28.7,28.4,0.0,,32.3,,922.1,57.1,2157,missing_months,SAHEBGANJ,
Jharkhand,Sahebganj,IMD110-P2157,1902,0.0,0.0,25.7,61.4,67.2,200.1,428.6,211.4,395.8,45.8,0.0,0.0,1436.1,0.0,154.3,1236.0,45.8,2157,,SAHEBGANJ,
Jharkhand,Sahebganj,IMD110-P2157,1903,10.2,14.0,8.1,1.9,37.8,245.1,125.3,225.4,264.5,163.7,0.4,0.0,1096.2,24.2,47.8,860.2,164.1,2157,,SAHEBGANJ,
Jharkhand,Sahebganj,IMD110-P2157,1904,11.9,15.5,2.8,6.6,173.6,212.5,390.0,365.5,164.4,72.6,20.5,0.0,1435.8,27.3,183.0,1132.4,93.1,2157,,SAHEBGANJ,
Jharkhand,Sahebganj,IMD110-P2157,1905,26.0,58.9,41.7,16.8,195.3,60.9,498.7,532.3,335.5,2.3,0.0,2.1,1770.5,84.9,253.8,1427.4,4.4,2157,,SAHEBGANJ,
Jharkhand,Sahebganj,IMD110-P2157,1906,22.8,77.0,23.8,0.9,85.9,161.7,293.0,260.7,116.8,126.2,23.3,0.0,1192.1,99.8,110.6,832.2,149.6,2157,,SAHEBGANJ,
Jharkhand,Sahebganj,IMD110-P2157,1907,0.0,18.4,55.3,42.9,70.0,446.8,359.0,182.9,262.2,2.5,0.0,4.3,1444.4,18.4,168.3,1251.0,6.8,2157,,SAHEBGANJ,
Jharkhand,Sahebganj,IMD110-P2157,1908,8.1,66.6,2.2,0.1,71.3,172.4,239.8,201.0,141.6,32.0,3.2,0.0,938.2,74.7,73.6,754.7,35.2,2157,,SAHEBGANJ,
Jharkhand,Sahebganj,IMD110-P2157,1909,7.3,8.4,0.0,66.8,46.0,412.5,256.2,324.5,178.4,89.1,0.0,0.3,1389.5,15.7,112.8,1171.7,89.4,2157,,SAHEBGANJ,
Jharkhand,Sahebganj,IMD110-P2157,1910,0.0,39.3,5.9,16.9,44.1,314.5,305.7,574.8,197.0,87.4,27.4,0.0,1612.9,39.3,66.8,1392.0,114.8,2157,,SAHEBGANJ,
Jharkhand,Sahebganj,IMD110-P2157,1911,0.2,0.0,17.5,29.3,33.6,510.7,184.0,432.7,542.5,230.0,0.0,0.0,1980.4,0.2,80.4,1669.8,230.0,2157,,SAHEBGANJ,
Jharkhand,Sahebganj,IMD110-P2157,1912,2.2,7.8,16.9,38.5,88.3,214.1,359.0,353.8,105.0,28.0,128.4,0.0,1341.9,10.0,143.7,1031.8,156.4,2157,,SAHEBGANJ,
Jharkhand,Sahebganj,IMD110-P2157,1913,0.0,26.3,14.0,3.6,186.3,463.3,222.4,189.5,274.4,131.6,0.4,24.3,1536.1,26.3,203.9,1149.6,156.3,2157,,SAHEBGANJ,
Jharkhand,Sahebganj,IMD110-P2157,1914,0.0,19.0,7.9,86.6,186.9,172.6,379.2,508.2,60.7,9.9,0.0,1.8,1432.8,19.0,281.4,1120.7,11.7,2157,,SAHEBGANJ,
Jharkhand,Sahebganj,IMD110-P2157,1915,9.0,39.8,28.9,4.6,120.9,239.0,310.9,289.0,172.2,32.6,24.1,0.8,1271.7,48.8,154.4,1011.1,57.5,2157,,SAHEBGANJ,
Jharkhand,Sahebganj,IMD110-P2157,1916,0.0,7.6,0.0,26.3,4.2,319.1,345.1,322.0,374.5,226.2,4.4,0.0,1629.4,7.6,30.4,1360.8,230.6,2157,,SAHEBGANJ,
Jharkhand,Sahebganj,IMD110-P2157,1917,1.6,5.8,14.9,3.0,116.2,498.5,349.7,245.9,358.7,367.0,0.0,0.0,1961.2,7.5,134.1,1452.7,367.0,2157,,SAHEBGANJ,
Jharkhand,Sahebganj,IMD110-P2157,1918,1.5,0.0,0.0,70.6,108.0,334.6,328.9,592.7,215.1,7.0,0.0,0.0,1658.4,1.5,178.6,1471.3,7.0,2157,,SAHEBGANJ,
Jharkhand,Sahebganj,IMD110-P2157,1919,40.3,8.9,7.6,18.4,58.7,279.0,474.5,358.0,322.9,95.7,1.8,0.0,1665.7,49.2,84.7,1434.4,97.4,2157,,SAHEBGANJ,
Jharkhand,Sahebganj,IMD110-P2157,1920,0.0,22.9,62.9,0.0,33.4,99.1,346.3,281.5,569.8,19.8,0.0,0.0,1435.6,22.9,96.3,1296.7,19.8,2157,,SAHEBGANJ,
Jharkhand,Sahebganj,IMD110-P2157,1921,36.3,0.3,16.7,26.4,24.6,200.4,303.6,438.5,257.7,26.7,0.0,0.0,1331.3,36.7,67.7,1200.3,26.7,2157,,SAHEBGANJ,
Jharkhand,Sahebganj,IMD110-P2157,1922,1.6,7.0,0.0,8.4,35.9,634.6,405.8,301.3,544.8,48.3,0.2,0.8,1988.6,8.7,44.2,1886.5,49.2,2157,,SAHEBGANJ,
Jharkhand,Sahebganj,IMD110-P2157,1923,0.0,36.9,8.8,9.5,61.8,155.6,300.9,220.5,149.8,60.6,3.2,0.7,1008.3,36.9,80.1,826.8,64.5,2157,,SAHEBGANJ,
Jharkhand,Sahebganj,IMD110-P2157,1924,0.5,3.8,0.0,25.6,90.9,128.1,464.6,321.4,343.0,52.0,79.5,0.0,1509.3,4.3,116.5,1257.1,131.5,2157,,SAHEBGANJ,
Jharkhand,Sahebganj,IMD110-P2157,1925,7.0,2.8,43.4,108.1,161.6,95.0,264.1,251.4,390.3,19.0,0.0,0.0,1342.7,9.8,313.1,1000.8,19.0,2157,,SAHEBGANJ,
Jharkhand,Sahebganj,IMD110-P2157,1926,8.3,0.0,32.5,25.7,107.2,71.0,282.3,307.9,329.6,24.3,2.7,16.1,1207.5,8.3,165.4,990.8,43.1,2157,,SAHEBGANJ,
Jharkhand,Sahebganj,IMD110-P2157,1927,26.1,60.6,32.2,9.6,63.8,191.8,246.2,164.5,121.2,24.4,1.1,0.0,941.6,86.7,105.6,723.7,25.6,2157,,SAHEBGANJ,
Jharkhand,Sahebganj,IMD110-P2157,1928,52.6,5.7,0.0,19.6,80.2,398.1,448.2,295.2,137.8,160.6,0.0,0.0,1598.0,58.2,99.8,1279.4,160.6,2157,,SAHEBGANJ,
Jharkhand,Sahebganj,IMD110-P2157,1929,61.0,0.0,28.8,28.5,108.8,175.9,301.1,211.6,181.3,549.5,0.0,12.5,1659.1,61.0,166.2,870.0,562.0,2157,,SAHEBGANJ,
Jharkhand,Sahebganj,IMD110-P2157,1930,9.2,5.1,5.7,18.8,49.5,112.9,336.0,208.0,267.9,53.6,93.3,0.6,1160.7,14.3,74.0,924.9,147.5,2157,,SAHEBGANJ,
Jharkhand,Sahebganj,IMD110-P2157,1931,0.0,25.4,35.9,0.6,78.5,103.7,479.7,312.8,402.8,129.6,13.1,1.1,1583.2,25.4,115.0,1299.0,143.8,2157,,SAHEBGANJ,
Jharkhand,Sahebganj,IMD110-P2157,1932,0.0,6.5,0.0,24.6,77.0,215.0,223.8,290.1,301.0,148.4,91.3,0.3,1378.1,6.5,101.6,1029.9,240.0,2157,,SAHEBGANJ,
Jharkhand,Sahebganj,IMD110-P2157,1933,30.4,3.4,0.6,60.1,194.7,137.0,343.3,481.9,259.4,48.9,0.0,0.0,1559.6,33.8,255.4,1221.6,48.9,2157,,SAHEBGANJ,
Jharkhand,Sahebganj,IMD110-P2157,1934,21.8,50.6,0.0,4.8,43.0,158.0,313.6,304.8,319.7,92.2,0.0,2.2,1310.6,72.3,47.8,1096.0,94.4,2158,,SAHEBGANJ,
Jharkhand,Sahebganj,IMD110-P2157,1935,3.1,23.2,0.0,5.1,18.7,150.5,95.4,397.8,251.0,9.2,0.0,0.0,954.0,26.3,23.8,894.8,9.2,2158,,SAHEBGANJ,
Jharkhand,Sahebganj,IMD110-P2157,1936,3.0,1.3,14.5,3.5,90.7,70.2,421.4,251.1,343.4,190.4,0.0,11.9,1401.3,4.4,108.8,1085.9,202.3,2158,,SAHEBGANJ,
Jharkhand,Sahebganj,IMD110-P2157,1937,0.0,78.7,0.0,6.8,118.7,203.1,264.8,442.0,233.5,286.5,0.3,0.0,1634.5,78.7,125.4,1143.4,286.9,2158,,SAHEBGANJ,
Jharkhand,Sahebganj,IMD110-P2157,1938,0.3,3.8,0.0,0.0,448.8,322.6,304.8,324.7,228.7,59.6,0.0,0.0,1693.3,4.1,448.8,1180.8,59.6,2158,,SAHEBGANJ,
Jharkhand,Sahebganj,IMD110-P2157,1939,0.0,37.5,12.9,6.0,53.4,296.5,398.4,428.5,272.2,192.9,0.0,0.0,1698.2,37.5,72.3,1395.6,192.9,2158,,SAHEBGANJ,
Jharkhand,Sahebganj,IMD110-P2157,1940,0.0,41.5,111.5,1.5,43.7,85.3,173.3,327.6,149.1,7.4,0.0,1.2,942.3,41.5,156.7,735.4,8.6,2158,,SAHEBGANJ,
Jharkhand,Sahebganj,IMD110-P2157,1941,9.0,0.0,0.0,25.0,97.4,213.2,244.5,451.5,276.0,286.4,0.0,0.0,1603.2,9.0,122.5,1185.3,286.4,2158,,SAHEBGANJ,
Jharkhand,Sahebganj,IMD110-P2157,1942,0.3,39.3,9.8,30.9,67.1,241.6,272.8,339.8,563.2,65.2,0.0,0.0,1630.0,39.5,107.8,1417.4,65.2,2158,,SAHEBGANJ,
Jharkhand,Sahebganj,IMD110-P2157,1943,23.4,36.7,0.3,142.1,38.2,339.9,251.6,167.4,260.4,85.7,0.0,0.0,1345.7,60.1,180.6,1019.3,85.7,2158,,SAHEBGANJ,
Jharkhand,Sahebganj,IMD110-P2157,1944,24.5,3.3,34.2,59.6,30.3,158.0,389.9,455.3,212.9,18.2,0.0,0.0,1386.3,27.8,124.1,1216.1,18.2,2158,,SAHEBGANJ,
Jharkhand,Sahebganj,IMD110-P2157,1945,7.9,42.6,1.7,64.6,34.9,126.8,313.5,257.4,251.7,237.4,0.0,0.0,1338.6,50.5,101.2,949.5,237.4,2158,,SAHEBGANJ,
Jharkhand,Sahebganj,IMD110-P2157,1946,0.0,5.5,3.3,99.4,64.8,260.6,239.6,236.0,118.0,318.4,4.7,0.0,1350.3,5.5,167.5,854.1,323.1,2158,,SAHEBGANJ,
Jharkhand,Sahebganj,IMD110-P2157,1947,0.0,0.0,17.7,4.4,48.6,122.6,379.3,202.4,351.1,30.6,0.0,0.2,1156.8,0.0,70.6,1055.5,30.7,2158,,SAHEBGANJ,
Jharkhand,Sahebganj,IMD110-P2157,1948,0.4,7.2,0.1,7.7,60.3,112.9,480.2,257.5,308.6,80.1,60.6,0.0,1375.6,7.6,68.1,1159.3,140.6,2158,,SAHEBGANJ,
Jharkhand,Sahebganj,IMD110-P2157,1949,1.3,16.8,28.2,70.6,175.7,304.0,217.4,373.2,297.8,71.4,0.0,0.0,1556.3,18.0,274.5,1192.4,71.4,2158,,SAHEBGANJ,
Jharkhand,Sahebganj,IMD110-P2157,1950,0.0,36.5,3.1,0.0,40.1,601.5,402.5,433.8,142.1,22.6,0.0,0.3,1682.5,36.5,43.3,1579.9,22.9,2158,,SAHEBGANJ,
Jharkhand,Sahebganj,IMD110-P2157,1951,1.3,0.0,15.3,9.7,21.6,100.4,274.8,237.8,108.5,88.1,19.3,0.0,876.6,1.3,46.5,721.5,107.3,2158,,SAHEBGANJ,
Jharkhand,Sahebganj,IMD110-P2157,1952,6.3,0.0,26.0,43.2,95.3,411.1,314.3,359.1,312.4,106.9,14.3,0.0,1689.1,6.3,164.6,1396.9,121.3,2158,,SAHEBGANJ,
Jharkhand,Sahebganj,IMD110-P2157,1953,23.6,0.0,5.4,9.6,75.9,194.7,518.2,155.8,602.8,39.2,0.0,0.0,1625.3,23.6,90.9,1471.6,39.2,2158,,SAHEBGANJ,
Jharkhand,Sahebganj,IMD110-P2157,1954,20.8,6.7,0.0,0.0,41.5,407.3,501.1,333.9,195.5,63.3,0.0,0.3,1570.3,27.4,41.5,1437.7,63.6,2158,,SAHEBGANJ,
Jharkhand,Sahebganj,IMD110-P2157,1955,23.9,9.1,17.6,17.5,64.7,250.7,497.8,504.7,191.9,64.9,13.4,0.0,1656.2,33.1,99.9,1445.0,78.3,2158,,SAHEBGANJ,
Jharkhand,Sahebganj,IMD110-P2157,1956,8.5,1.6,4.8,25.4,41.6,353.4,298.0,307.6,347.7,232.9,43.5,5.1,1670.1,10.2,71.8,1306.7,281.4,2158,,SAHEBGANJ,
Jharkhand,Sahebganj,IMD110-P2157,1957,118.8,3.6,11.2,0.0,0.0,166.3,394.6,185.3,158.1,32.5,0.0,0.0,1070.5,122.4,11.2,904.3,32.5,2158,,SAHEBGANJ,
Jharkhand,Sahebganj,IMD110-P2157,1958,4.2,5.5,0.2,3.7,44.0,97.4,290.5,442.7,208.4,178.7,0.0,0.0,1275.3,9.7,47.9,1039.0,178.7,2158,,SAHEBGANJ,
Jharkhand,Sahebganj,IMD110-P2157,1959,51.2,0.3,18.5,28.6,124.7,316.4,382.4,365.4,235.4,404.1,0.0,0.0,1926.8,51.4,171.7,1299.6,404.1,2158,,SAHEBGANJ,
Jharkhand,Sahebganj,IMD110-P2157,1960,2.8,0.0,28.8,0.0,282.2,168.9,230.8,172.6,439.6,81.4,1.0,0.0,1407.9,2.8,311.0,1011.8,82.4,2158,,SAHEBGANJ,
Jharkhand,Sahebganj,IMD110-P2157,1961,22.6,48.8,0.0,0.0,45.0,281.8,194.0,287.8,189.5,135.6,0.0,1.8,1206.9,71.3,45.0,953.1,137.5,2158,,SAHEBGANJ,
Jharkhand,Sahebganj,IMD110-P2157,1962,2.1,0.1,1.4,29.3,24.1,215.2,323.4,273.3,270.0,132.0,0.0,0.0,1270.8,2.1,54.8,1081.8,132.0,2158,,SAHEBGANJ,
Jharkhand,Sahebganj,IMD110-P2157,1963,0.0,0.0,16.2,37.0,118.0,102.0,304.3,176.1,294.8,287.6,6.9,0.0,1342.9,0.0,171.2,877.2,294.6,2158,,SAHEBGANJ,
Jharkhand,Sahebganj,IMD110-P2157,1964,0.0,0.3,0.0,20.6,60.4,244.6,323.7,75.2,204.9,67.1,0.1,0.0,996.9,0.3,81.0,848.4,67.1,2158,,SAHEBGANJ,
Jharkhand,Sahebganj,IMD110-P2157,1965,0.0,9.4,23.0,15.6,14.4,159.7,365.0,182.7,79.8,17.6,0.0,0.0,867.3,9.4,53.0,787.3,17.6,2158,,SAHEBGANJ,
Jharkhand,Sahebganj,IMD110-P2157,1966,9.9,0.0,0.0,0.0,44.6,117.1,152.0,281.1,118.7,15.3,15.1,0.0,753.6,9.9,44.6,668.8,30.3,2158,,SAHEBGANJ,
Jharkhand,Sahebganj,IMD110-P2157,1967,0.4,1.5,24.2,20.2,26.5,46.1,241.8,297.6,296.4,12.2,0.0,0.0,966.9,1.9,70.9,881.9,12.2,2158,,SAHEBGANJ,
Jharkhand,Sahebganj,IMD110-P2157,1968,3.8,5.1,1.0,0.0,27.0,523.1,376.6,282.4,97.3,92.3,0.0,0.0,1408.5,8.9,28.0,1279.3,92.3,2159,,SAHEBGANJ,
Jharkhand,Sahebganj,IMD110-P2157,1969,0.0,0.0,5.0,29.5,41.9,128.5,342.2,340.1,257.2,30.5,35.0,0.0,1209.9,0.0,76.4,1068.0,65.5,2159,,SAHEBGANJ,
Jharkhand,Sahebganj,IMD110-P2157,1970,33.0,0.0,0.0,35.2,10.0,173.5,288.5,292.0,402.5,30.5,34.0,0.0,1299.2,33.0,45.2,1156.5,64.5,2159,,SAHEBGANJ,
Jharkhand,Sahebganj,IMD110-P2157,1974,2.9,0.0,50.9,0.0,120.5,141.2,485.3,315.0,249.4,55.5,0.0,13.5,1434.1,2.9,171.4,1190.9,69.0,2159,,SAHEBGANJ,
Jharkhand,Sahebganj,IMD110-P2157,1975,5.8,4.8,6.0,6.0,86.5,111.2,647.9,108.2,173.0,49.1,0.0,0.0,1198.6,10.6,98.5,1040.3,49.1,2159,,SAHEBGANJ,
Jharkhand,Sahebganj,IMD110-P2157,1976,0.0,11.0,0.0,9.8,227.1,163.9,182.4,430.8,278.6,38.4,0.0,0.0,1341.8,11.0,236.9,1055.6,38.4,2159,,SAHEBGANJ,
Jharkhand,Sahebganj,IMD110-P2157,1977,4.8,10.0,0.0,85.4,73.7,392.2,391.2,411.4,126.6,114.0,0.0,31.0,1640.3,14.8,159.1,1321.4,145.0,2159,,SAHEBGANJ,
Jharkhand,Sahebganj,IMD110-P2157,1978,3.6,2.6,8.8,44.2,117.4,230.4,137.7,182.3,247.9,100.0,11.4,5.0,1091.3,6.2,170.4,798.3,116.4,2159,,SAHEBGANJ,
Jharkhand,Sahebganj,IMD110-P2157,1979,19.7,20.4,0.0,90.4,5.9,105.1,223.4,201.1,223.3,52.0,4.8,27.6,973.7,40.1,96.3,752.9,84.4,2159,,SAHEBGANJ,
Jharkhand,Sahebganj,IMD110-P2157,1980,2.6,,29.4,10.1,72.4,246.5,363.8,462.6,490.8,66.4,0.0,0.0,,,111.9,1563.7,66.4,2159,missing_months,SAHEBGANJ,
Jharkhand,Sahebganj,IMD110-P2157,1981,33.3,29.2,7.5,229.4,196.5,142.8,429.4,246.1,239.0,0.0,0.0,44.7,1597.9,62.5,433.4,1057.3,44.7,2159,,SAHEBGANJ,
Jharkhand,Sahebganj,IMD110-P2157,1982,0.0,0.0,46.4,0.0,64.5,559.6,223.4,480.0,72.2,75.0,47.5,0.0,1568.6,0.0,110.9,1335.2,122.5,2159,,SAHEBGANJ,
Jharkhand,Sahebganj,IMD110-P2157,1983,0.2,0.0,39.4,9.0,53.3,151.5,326.1,101.4,770.4,67.0,0.0,21.5,1539.8,0.2,101.7,1349.4,88.5,2159,,SAHEBGANJ,
Jharkhand,Sahebganj,IMD110-P2157,1984,123.0,50.0,0.0,0.0,121.4,336.2,460.6,291.6,376.9,56.7,0.0,3.3,1819.7,173.0,121.4,1465.3,60.0,2159,,SAHEBGANJ,
Jharkhand,Sahebganj,IMD110-P2157,1985,2.5,0.0,0.0,23.0,143.8,128.4,318.5,102.0,411.5,158.9,0.0,0.0,1288.6,2.5,166.8,960.4,158.9,2159,,SAHEBGANJ,
Jharkhand,Sahebganj,IMD110-P2157,1986,0.0,0.4,0.0,60.7,100.0,174.8,324.7,113.0,291.6,396.3,0.0,0.0,1461.5,0.4,160.7,904.1,396.3,2159,,SAHEBGANJ,
Jharkhand,Sahebganj,IMD110-P2157,1987,0.0,0.0,0.0,46.7,38.9,216.6,577.3,751.3,278.4,7.9,4.6,8.4,1930.1,0.0,85.6,1823.6,20.9,2159,,SAHEBGANJ,
Jharkhand,Sahebganj,IMD110-P2157,1988,0.0,,70.7,54.9,73.7,,419.9,308.2,196.6,94.4,0.0,9.4,,,199.3,,103.8,2159,missing_months,SAHEBGANJ,
Jharkhand,Sahebganj,IMD110-P2157,1989,6.2,3.1,0.0,0.0,143.7,175.6,426.2,262.2,444.0,71.6,0.0,9.0,1541.6,9.3,143.7,1308.1,80.6,2159,,SAHEBGANJ,
Jharkhand,Sahebganj,IMD110-P2157,1990,0.0,12.2,10.3,2.4,141.5,260.0,522.2,252.0,295.8,167.1,1.5,0.0,1664.9,12.2,154.2,1329.9,168.6,2159,,SAHEBGANJ,
Jharkhand,Sahebganj,IMD110-P2157,1991,14.8,8.1,8.5,18.3,68.6,236.5,487.8,277.4,464.9,21.9,0.0,79.7,1686.5,22.9,95.4,1466.6,101.6,2159,,SAHEBGANJ,
Jharkhand,Sahebganj,IMD110-P2157,1992,0.0,10.0,0.0,0.0,109.0,152.6,525.2,203.9,278.3,65.8,4.8,0.0,1349.6,10.0,109.0,1160.0,70.6,2159,,SAHEBGANJ,
Jharkhand,Sahebganj,IMD110-P2157,1993,32.2,0.0,36.2,38.0,57.9,241.4,273.0,364.2,457.7,75.1,17.5,0.0,1593.3,32.2,132.2,1336.3,92.6,2159,,SAHEBGANJ,
Jharkhand,Sahebganj,IMD110-P2157,1994,31.8,19.2,0.0,22.1,32.3,461.7,186.2,246.1,62.3,199.9,0.0,0.0,1261.5,51.0,54.4,956.3,199.9,2159,,SAHEBGANJ,
Jharkhand,Sahebganj,IMD110-P2157,1995,2.1,4.1,0.0,0.0,20.8,191.3,309.4,402.8,801.6,4.8,101.1,20.4,1858.5,6.2,20.8,1705.2,126.3,2159,,SAHEBGANJ,
Jharkhand,Sahebganj,IMD110-P2157,1996,0.9,5.2,0.0,13.8,36.4,280.5,187.5,447.7,244.1,42.0,5.2,2.6,1265.9,6.1,50.2,1159.7,49.8,2159,,SAHEBGANJ,
Jharkhand,Sahebganj,IMD110-P2157,1997,38.0,2.0,0.0,84.2,89.9,384.2,687.7,377.0,199.4,29.9,5.3,26.7,1924.3,40.0,174.0,1648.4,62.0,2159,,SAHEBGANJ,
Jharkhand,Sahebganj,IMD110-P2157,1998,4.1,3.8,59.0,29.9,97.9,137.2,541.8,460.3,527.9,158.1,20.7,0.0,2040.7,7.9,186.8,1667.2,178.8,2159,,SAHEBGANJ,
Jharkhand,Sahebganj,IMD110-P2157,1999,0.0,0.0,0.0,1.7,140.6,262.6,388.1,517.9,733.5,232.5,0.0,0.0,2276.8,0.0,142.3,1902.1,232.5,2159,,SAHEBGANJ,
Jharkhand,Sahebganj,IMD110-P2157,2000,0.0,29.7,22.6,101.6,219.5,256.0,354.5,172.4,799.1,29.1,0.0,0.0,1984.6,29.7,343.7,1582.2,29.1,2159,,SAHEBGANJ,
Jharkhand,Sahebganj,IMD110-P2157,2001,0.0,0.0,1.6,6.5,142.4,279.9,172.2,178.0,303.5,282.6,0.0,0.0,1366.8,0.0,150.5,933.6,282.6,2159,,SAHEBGANJ,
Jharkhand,Sahebganj,IMD110-P2157,2002,4.3,0.0,9.8,78.4,98.0,314.0,208.7,490.7,376.7,50.8,0.0,0.0,1631.4,4.3,186.2,1390.0,50.8,2159,,SAHEBGANJ,
Jharkhand,Sahebganj,IMD110-P2157,2003,0.6,45.9,28.6,18.3,194.1,266.8,297.9,218.8,180.2,307.5,0.0,2.1,1560.7,46.4,241.0,963.7,309.6,2159,,SAHEBGANJ,
Jharkhand,Sahebganj,IMD110-P2157,2004,14.2,0.0,1.5,14.8,75.9,315.7,367.7,199.5,114.3,422.2,0.0,0.0,1525.7,14.2,92.2,997.2,422.2,2159,,SAHEBGANJ,
Jharkhand,Sahebganj,IMD110-P2157,2005,8.3,2.0,12.7,8.9,79.4,79.0,463.3,263.8,258.3,151.8,0.0,0.0,1327.5,10.4,101.0,1064.3,151.8,2160,,SAHEBGANJ,
Jharkhand,Sahebganj,IMD110-P2157,2006,0.0,0.0,1.0,61.1,76.9,281.3,323.5,264.0,591.4,23.0,8.6,0.0,1630.9,0.0,139.0,1460.2,31.6,2160,,SAHEBGANJ,
Jharkhand,Sahebganj,IMD110-P2157,2007,0.0,28.7,37.0,4.7,54.6,167.9,451.0,175.6,328.1,51.4,0.0,0.0,1299.1,28.7,96.3,1122.7,51.4,2160,,SAHEBGANJ,
Jharkhand,Sahebganj,IMD110-P2157,2008,45.2,5.0,2.5,8.6,76.9,420.0,347.7,264.2,170.1,66.2,0.0,0.0,1406.5,50.2,88.0,1202.0,66.2,2160,,SAHEBGANJ,
Jharkhand,Sahebganj,IMD110-P2157,2009,0.0,2.1,0.6,0.0,166.3,47.0,255.8,227.4,180.8,149.3,0.0,0.0,1029.3,2.1,166.9,711.1,149.3,2160,,SAHEBGANJ,
Jharkhand,Sahebganj,IMD110-P2157,2010,0.0,1.4,0.0,11.3,58.2,176.2,259.9,136.0,250.9,55.3,0.0,0.0,949.3,1.4,69.6,823.0,55.3,2160,,SAHEBGANJ,
Jharkhand,Seraikela,IMD110-P2161,1901,,,17.3,22.2,,,197.7,472.4,259.2,12.7,19.8,0.0,,,,,32.5,2161,missing_months,SERAIKELA,
Jharkhand,Seraikela,IMD110-P2161,1902,0.0,2.3,10.6,39.4,91.3,139.3,495.5,202.9,298.5,19.1,2.3,7.5,1308.7,2.3,141.3,1136.3,28.9,2161,,SERAIKELA,
Jharkhand,Seraikela,IMD110-P2161,1903,28.3,7.3,2.3,36.9,59.8,334.3,189.6,289.4,169.6,185.4,0.6,0.0,1303.4,35.6,99.0,982.8,186.0,2161,,SERAIKELA,
Jharkhand,Seraikela,IMD110-P2161,1904,0.0,72.9,31.3,22.1,123.2,408.7,492.8,361.0,154.3,14.4,0.0,0.0,1680.5,72.9,176.6,1416.7,14.4,2161,,SERAIKELA,
Jharkhand,Seraikela,IMD110-P2161,1905,42.3,63.2,48.3,48.6,102.3,88.9,484.9,213.6,373.3,15.1,0.0,3.5,1484.3,105.6,199.3,1160.8,18.7,2161,,SERAIKELA,
Jharkhand,Seraikela,IMD110-P2161,1906,82.9,155.1,62.4,0.0,58.6,188.8,397.6,185.7,94.1,104.4,19.4,0.0,1349.1,238.1,121.0,866.2,123.8,2161,,SERAIKELA,
Jharkhand,Seraikela,IMD110-P2161,1907,0.0,23.4,76.7,19.5,19.1,308.9,216.1,375.0,297.5,0.0,0.0,53.7,1389.9,23.4,115.4,1197.4,53.7,2161,,SERAIKELA,
Jharkhand,Seraikela,IMD110-P2161,1908,18.1,2.7,0.0,1.5,109.9,327.6,224.5,454.9,90.9,38.1,0.0,0.0,1268.1,20.8,111.4,1097.9,38.1,2161,,SERAIKELA,
Jharkhand,Seraikela,IMD110-P2161,1909,33.7,9.4,0.0,155.9,34.2,235.1,241.5,341.4,279.5,4.6,0.0,7.2,1342.4,43.1,190.1,1097.5,11.7,2161,,SERAIKELA,
Jharkhand,Seraikela,IMD110-P2161,1910,33.3,0.0,0.0,31.3,37.5,386.7,223.3,241.5,160.1,183.7,0.0,0.0,1297.4,33.3,68.8,1011.6,183.7,2161,,SERAIKELA,
Jharkhand,Seraikela,IMD110-P2161,1911,0.0,0.0,26.9,16.9,55.7,288.3,135.5,222.4,177.1,84.1,14.6,0.0,1021.6,0.0,99.5,823.3,98.8,2161,,SERAIKELA,
Jharkhand,Seraikela,IMD110-P2161,1912,2.7,43.8,15.3,31.2,64.6,204.0,474.9,350.7,136.3,16.9,68.4,0.0,1408.6,46.5,111.1,1165.8,85.3,2161,,SERAIKELA,
Jharkhand,Seraikela,IMD110-P2161,1913,1.0,185.4,56.8,0.0,61.1,444.5,260.6,290.5,132.7,110.8,18.9,4.8,1567.2,186.4,117.9,1128.3,134.6,2161,,SERAIKELA,
Jharkhand,Seraikela,IMD110-P2161,1914,0.0,59.5,27.0,33.0,188.4,131.7,372.6,168.6,231.7,71.1,0.0,12.9,1296.7,59.5,248.4,904.7,84.1,2161,,SERAIKELA,
Jharkhand,Seraikela,IMD110-P2161,1915,2.9,19.6,26.0,13.7,106.3,96.8,179.5,177.3,145.9,65.3,89.9,0.0,923.2,22.5,146.0,599.5,155.3,2161,,SERAIKELA,
Jharkhand,Seraikela,IMD110-P2161,1916,0.0,6.1,3.5,29.5,38.0,248.5,182.6,309.7,160.1,124.7,33.4,0.0,1136.2,6.1,71.1,901.0,158.1,2161,,SERAIKELA,
Jharkhand,Seraikela,IMD110-P2161,1917,0.0,47.6,7.1,5.3,131.6,274.0,316.4,236.6,196.9,216.0,0.0,0.0,1431.5,47.6,144.1,1023.9,216.0,2161,,SERAIKELA,
Jharkhand,Seraikela,IMD110-P2161,1918,3.1,0.0,0.0,0.0,88.1,273.9,138.9,255.6,144.4,0.0,0.0,0.0,904.0,3.1,88.1,812.9,0.0,2161,,SERAIKELA,
Jharkhand,Seraikela,IMD110-P2161,1919,69.0,16.4,14.1,18.0,162.7,359.1,288.3,386.0,189.3,14.8,6.1,0.0,1523.7,85.4,194.8,1222.6,20.9,2161,,SERAIKELA,
Jharkhand,Seraikela,IMD110-P2161,1920,0.0,13.1,51.8,14.6,36.5,143.9,708.3,383.4,145.4,0.0,0.0,0.0,1497.1,13.1,102.9,1381.1,0.0,2161,,SERAIKELA,
Jharkhand,Seraikela,IMD110-P2161,1921,35.7,21.5,0.0,35.8,20.0,175.8,309.3,260.0,139.1,39.8,0.0,0.0,1036.9,57.2,55.9,884.0,39.8,2161,,SERAIKELA,
Jharkhand,Seraikela,IMD110-P2161,1922,3.5,0.0,0.0,3.0,22.3,275.8,389.5,359.5,154.3,61.0,3.8,1.5,1274.2,3.5,25.4,1179.1,66.3,2161,,SERAIKELA,
Jharkhand,Seraikela,IMD110-P2161,1923,0.0,54.5,2.9,10.6,9.0,128.1,322.4,605.3,91.4,29.8,62.5,0.0,1316.3,54.5,22.5,1147.2,92.3,2161,,SERAIKELA,
Jharkhand,Seraikela,IMD110-P2161,1924,29.5,2.8,0.0,19.6,9.8,137.6,260.6,278.5,340.0,50.3,37.7,0.0,1166.4,32.3,29.4,1016.8,88.0,2161,,SERAIKELA,
Jharkhand,Seraikela,IMD110-P2161,1925,0.0,0.0,19.0,34.6,50.8,139.4,280.0,177.9,107.0,94.9,0.0,0.0,903.5,0.0,104.4,704.3,94.9,2161,,SERAIKELA,
Jharkhand,Seraikela,IMD110-P2161,1926,0.0,,137.1,0.0,10.2,52.1,324.1,388.9,264.0,0.0,0.0,0.0,,,147.3,1029.1,0.0,2161,missing_months,SERAIKELA,
Jharkhand,Seraikela,IMD110-P2161,1927,25.8,51.3,8.9,0.0,71.4,104.4,583.0,548.3,95.5,71.3,0.0,0.0,1559.8,77.1,80.3,1331.2,71.3,2161,,SERAIKELA,
Jharkhand,Seraikela,IMD110-P2161,1928,23.1,0.0,0.0,17.4,32.3,281.3,400.5,349.9,139.6,185.6,0.0,0.0,1429.6,23.1,49.7,1171.2,185.6,2161,,SERAIKELA,
Jharkhand,Seraikela,IMD110-P2161,1929,90.2,10.4,0.0,1.9,94.3,62.8,743.8,331.9,78.6,190.7,0.0,52.9,1657.5,100.6,96.3,1217.1,243.6,2161,,SERAIKELA,
Jharkhand,Seraikela,IMD110-P2161,1930,0.0,0.0,0.0,0.0,0.0,107.9,334.0,524.9,368.2,0.0,28.9,0.0,1363.8,0.0,0.0,1335.0,28.9,2161,,SERAIKELA,
Jharkhand,Seraikela,IMD110-P2161,1931,0.0,133.6,0.0,0.0,0.0,197.1,423.0,477.1,162.1,133.1,1.3,0.0,1527.3,133.6,0.0,1259.3,134.3,2161,,SERAIKELA,
Jharkhand,Seraikela,IMD110-P2161,1932,0.0,45.0,0.0,0.0,51.7,125.2,311.5,271.1,271.3,50.2,14.0,7.0,1146.8,45.0,51.7,979.0,71.2,2161,,SERAIKELA,
Jharkhand,Seraikela,IMD110-P2161,1933,,,80.1,33.0,,161.3,540.2,739.1,205.5,21.6,35.6,0.0,,,,1646.1,57.2,2161,missing_months,SERAIKELA,
Jharkhand,Seraikela,IMD110-P2161,1934,2.0,0.0,0.0,4.0,1.3,168.4,255.4,325.0,227.2,49.4,0.0,1.9,1034.6,2.0,5.2,976.0,51.3,2162,,SERAIKELA,
Jharkhand,Seraikela,IMD110-P2161,1935,5.1,55.8,0.0,13.4,0.0,159.7,242.1,302.5,77.8,0.0,0.0,0.0,856.3,60.8,13.4,782.0,0.0,2162,,SERAIKELA,
Jharkhand,Seraikela,IMD110-P2161,1936,14.5,8.9,0.2,8.6,134.2,304.3,324.4,228.8,145.2,78.0,6.8,1.9,1255.8,23.5,143.0,1002.7,86.6,2162,,SERAIKELA,
Jharkhand,Seraikela,IMD110-P2161,1937,1.3,63.4,4.8,39.8,74.8,299.4,328.3,253.0,273.1,122.6,0.0,0.0,1460.4,64.7,119.4,1153.8,122.6,2162,,SERAIKELA,
Jharkhand,Seraikela,IMD110-P2161,1938,31.1,21.2,0.0,0.0,77.9,169.5,196.9,467.3,103.6,62.5,3.7,0.0,1133.7,52.4,77.9,937.3,66.2,2162,,SERAIKELA,
Jharkhand,Seraikela,IMD110-P2161,1939,9.3,81.2,37.0,17.8,2.4,158.4,251.4,394.7,201.4,204.2,0.0,24.7,1382.6,90.6,57.1,1006.0,228.9,2162,,SERAIKELA,
Jharkhand,Seraikela,IMD110-P2161,1940,0.0,21.8,77.5,23.2,50.8,152.2,387.9,315.6,96.4,32.9,0.0,13.1,1171.5,21.8,151.6,952.2,46.0,2162,,SERAIKELA,
Jharkhand,Seraikela,IMD110-P2161,1941,14.1,0.8,0.0,11.7,85.8,306.3,512.2,445.5,240.7,185.8,92.3,0.0,1895.2,14.9,97.5,1504.7,278.1,2162,,SERAIKELA,
Jharkhand,Seraikela,IMD110-P2161,1942,1.3,68.1,3.1,60.6,48.7,92.6,598.7,370.6,392.4,0.8,8.5,0.0,1645.3,69.4,112.4,1454.3,9.2,2162,,SERAIKELA,
Jharkhand,Seraikela,IMD110-P2161,1943,59.6,2.5,0.0,34.0,72.0,125.8,417.9,537.0,196.7,44.8,0.0,0.0,1490.4,62.1,106.0,1277.4,44.8,2162,,SERAIKELA,
Jharkhand,Seraikela,IMD110-P2161,1944,42.0,79.2,23.7,26.2,38.5,99.8,261.4,387.3,46.0,90.8,4.0,0.0,1098.9,121.2,88.5,794.4,94.7,2162,,SERAIKELA,
Jharkhand,Seraikela,IMD110-P2161,1945,42.7,11.7,0.0,47.6,26.6,159.4,144.8,198.4,254.6,119.5,0.0,0.0,1005.3,54.4,74.1,757.3,119.5,2162,,SERAIKELA,
Jharkhand,Seraikela,IMD110-P2161,1946,0.0,4.2,0.0,84.1,101.5,288.4,294.1,407.2,286.1,121.9,24.5,0.8,1612.7,4.2,185.6,1275.8,147.2,2162,,SERAIKELA,
Jharkhand,Seraikela,IMD110-P2161,1947,18.9,32.4,62.8,6.9,41.2,205.7,254.7,182.9,162.0,155.9,0.0,8.5,1131.8,51.3,110.9,805.2,164.3,2162,,SERAIKELA,
Jharkhand,Seraikela,IMD110-P2161,1948,14.0,23.0,21.8,1.4,41.8,196.2,458.5,402.8,304.9,43.7,112.4,0.0,1620.4,37.0,65.0,1362.4,156.1,2162,,SERAIKELA,
Jharkhand,Seraikela,IMD110-P2161,1949,9.8,0.0,13.1,155.9,116.3,431.3,329.9,317.2,175.2,68.3,0.0,0.0,1617.0,9.8,285.3,1253.6,68.3,2162,,SERAIKELA,
Jharkhand,Seraikela,IMD110-P2161,1950,0.0,6.4,35.5,4.8,70.2,363.3,306.6,433.7,207.9,43.5,29.1,0.0,1501.1,6.4,110.5,1311.5,72.7,2162,,SERAIKELA,
Jharkhand,Seraikela,IMD110-P2161,1951,0.0,0.0,117.9,31.6,36.6,207.8,324.2,253.3,222.5,98.5,33.1,0.0,1325.5,0.0,186.1,1007.8,131.6,2162,,SERAIKELA,
Jharkhand,Seraikela,IMD110-P2161,1952,2.5,16.5,20.3,53.4,30.0,231.9,496.9,521.3,247.0,110.0,0.0,0.0,1729.8,19.1,103.7,1497.1,110.0,2162,,SERAIKELA,
Jharkhand,Seraikela,IMD110-P2161,1953,4.9,42.3,0.0,3.6,41.3,383.2,360.3,554.4,439.9,27.5,100.6,0.0,1958.1,47.3,45.0,1737.8,128.1,2162,,SERAIKELA,
Jharkhand,Seraikela,IMD110-P2161,1954,8.2,0.0,1.1,3.8,60.6,146.1,293.5,296.2,227.4,31.6,0.0,5.3,1073.7,8.2,65.5,963.1,36.9,2162,,SERAIKELA,
Jharkhand,Seraikela,IMD110-P2161,1955,7.4,2.5,7.7,0.5,22.1,187.6,361.8,283.6,215.5,200.5,36.9,0.0,1326.1,9.9,30.3,1048.5,237.4,2162,,SERAIKELA,
Jharkhand,Seraikela,IMD110-P2161,1956,11.1,49.4,112.6,0.0,101.9,207.2,397.2,584.5,418.6,100.2,1.9,3.1,1987.7,60.5,214.5,1607.5,105.2,2162,,SERAIKELA,
Jharkhand,Seraikela,IMD110-P2161,1957,25.5,43.2,35.1,0.0,13.4,140.8,478.7,247.6,377.1,29.1,0.0,0.0,1390.6,68.7,48.5,1244.3,29.1,2162,,SERAIKELA,
Jharkhand,Seraikela,IMD110-P2161,1958,26.5,84.8,30.7,22.5,4.7,100.0,403.0,156.9,320.9,139.5,0.0,0.0,1289.6,111.3,58.0,980.8,139.5,2162,,SERAIKELA,
Jharkhand,Seraikela,IMD110-P2161,1959,15.4,3.5,1.4,23.3,98.2,334.4,446.2,225.2,425.9,225.8,0.0,0.0,1799.1,18.8,122.9,1431.7,225.8,2162,,SERAIKELA,
Jharkhand,Seraikela,IMD110-P2161,1960,0.8,0.0,4.5,0.0,10.8,251.1,283.2,297.2,367.9,0.0,0.0,0.0,1215.4,0.8,15.3,1199.3,0.0,2162,,SERAIKELA,
Jharkhand,Seraikela,IMD110-P2161,1961,4.3,80.3,0.1,1.0,51.3,313.0,244.3,234.4,312.2,121.8,0.9,2.1,1365.8,84.6,52.5,1103.9,124.8,2162,,SERAIKELA,
Jharkhand,Seraikela,IMD110-P2161,1962,19.5,12.4,2.0,28.1,40.3,152.8,200.2,255.2,213.3,48.0,0.0,2.0,973.9,31.9,70.4,821.6,50.0,2162,,SERAIKELA,
Jharkhand,Seraikela,IMD110-P2161,1963,0.0,4.5,2.5,27.1,131.8,136.0,333.5,373.5,227.5,110.1,6.6,0.0,1353.0,4.5,161.4,1070.4,116.7,2162,,SERAIKELA,
Jharkhand,Seraikela,IMD110-P2161,1964,0.0,5.6,2.7,8.9,5.0,310.4,310.0,329.1,239.4,53.3,0.0,0.0,1264.3,5.6,16.5,1189.0,53.3,2162,,SERAIKELA,
Jharkhand,Seraikela,IMD110-P2161,1965,3.3,7.1,38.5,62.7,52.7,138.7,329.9,171.4,100.5,61.1,0.0,0.0,965.8,10.3,153.9,740.5,61.1,2162,,SERAIKELA,
Jharkhand,Seraikela,IMD110-P2161,1966,33.9,5.0,0.0,13.2,22.2,381.1,200.1,310.8,87.5,63.3,16.9,2.7,1136.6,38.9,35.4,979.6,82.8,2162,,SERAIKELA,
Jharkhand,Seraikela,IMD110-P2161,1967,20.5,0.0,10.9,53.6,53.9,53.3,190.2,552.1,223.0,2.5,4.2,0.1,1164.3,20.5,118.5,1018.5,6.8,2162,,SERAIKELA,
Jharkhand,Seraikela,IMD110-P2161,1968,21.5,10.3,0.5,0.0,35.1,256.1,290.8,489.6,77.5,32.4,0.0,2.5,1216.2,31.7,35.6,1114.0,34.9,2163,,SERAIKELA,
Jharkhand,Seraikela,IMD110-P2161,1969,10.2,0.0,0.0,43.9,68.1,91.8,262.6,333.8,235.4,22.5,5.8,0.0,1074.2,10.2,112.0,923.5,28.4,2163,,SERAIKELA,
Jharkhand,Seraikela,IMD110-P2161,1970,21.8,41.2,49.0,6.2,16.6,195.7,248.9,275.4,316.5,77.2,0.0,0.0,1248.5,63.0,71.8,1036.5,77.2,2163,,SERAIKELA,
Jharkhand,Seraikela,IMD110-P2161,1975,15.2,5.0,17.4,23.0,83.2,92.6,632.1,375.1,215.4,55.5,0.2,0.0,1514.7,20.2,123.6,1315.2,55.7,2163,,SERAIKELA,
Jharkhand,Seraikela,IMD110-P2161,1976,0.0,30.9,48.1,54.3,111.8,134.0,288.3,253.0,190.1,17.1,0.0,1.0,1128.6,30.9,214.3,865.4,18.1,2163,,SERAIKELA,
Jharkhand,Seraikela,IMD110-P2161,1977,25.6,0.0,13.8,55.1,113.3,341.0,310.2,441.8,199.1,29.5,25.6,24.2,1579.2,25.6,182.3,1292.0,79.4,2163,,SERAIKELA,
Jharkhand,Seraikela,IMD110-P2161,1978,14.1,24.3,29.9,64.4,51.2,304.1,211.0,208.9,417.8,85.7,25.6,1.4,1438.3,38.4,145.4,1141.7,112.7,2163,,SERAIKELA,
Jharkhand,Seraikela,IMD110-P2161,1979,30.2,25.9,2.1,14.6,12.7,119.4,181.5,223.9,85.0,16.6,16.3,22.2,750.4,56.1,29.4,609.8,55.1,2163,,SERAIKELA,
Jharkhand,Seraikela,IMD110-P2161,1980,12.8,18.1,66.0,29.8,41.4,203.5,370.9,189.5,185.5,100.4,0.0,0.0,1217.8,30.9,137.2,949.3,100.4,2163,,SERAIKELA,
Jharkhand,Seraikela,IMD110-P2161,1981,50.8,55.9,29.8,79.1,144.6,179.7,306.5,249.6,212.2,8.9,0.0,4.0,1320.9,106.6,253.4,948.0,12.8,2163,,SERAIKELA,
Jharkhand,Seraikela,IMD110-P2161,1982,10.2,35.8,85.3,44.7,10.1,227.7,178.6,288.8,139.5,42.1,1.7,0.9,1065.5,46.0,140.1,834.7,44.7,2163,,SERAIKELA,
Jharkhand,Seraikela,IMD110-P2161,1983,0.0,61.7,7.6,48.9,83.7,123.6,151.4,298.1,281.1,93.3,0.0,21.3,1170.7,61.7,140.2,854.2,114.5,2163,,SERAIKELA,
Jharkhand,Seraikela,IMD110-P2161,1984,28.4,2.1,2.6,27.4,26.6,564.8,329.8,420.6,179.1,33.2,0.0,0.0,1614.6,30.6,56.6,1494.3,33.2,2163,,SERAIKELA,
Jharkhand,Seraikela,IMD110-P2161,1985,20.0,17.6,2.0,16.0,43.1,222.0,267.9,376.8,299.7,132.7,0.0,0.0,1397.9,37.7,61.1,1166.4,132.7,2163,,SERAIKELA,
Jharkhand,Seraikela,IMD110-P2161,1986,13.9,23.1,6.9,35.7,82.8,197.4,304.9,240.2,210.1,91.2,24.3,25.3,1256.0,37.0,125.4,952.7,140.8,2163,,SERAIKELA,
Jharkhand,Seraikela,IMD110-P2161,1987,0.0,10.2,4.0,31.2,36.4,105.4,395.6,254.9,215.1,13.5,28.7,3.0,1098.0,10.2,71.6,971.0,45.2,2163,,SERAIKELA,
Jharkhand,Seraikela,IMD110-P2161,1988,13.0,45.0,29.2,24.9,14.0,457.6,282.7,284.2,146.4,29.2,3.0,1.0,1330.5,58.1,68.2,1171.0,33.3,2163,,SERAIKELA,
Jharkhand,Seraikela,IMD110-P2161,1989,0.0,0.0,9.2,0.8,84.8,350.9,248.1,303.3,240.2,25.7,0.0,38.5,1301.6,0.0,94.9,1142.5,64.2,2163,,SERAIKELA,
Jharkhand,Seraikela,IMD110-P2161,1990,0.0,,,31.4,89.4,198.8,497.7,307.0,279.5,,,,,,,1283.0,,2163,missing_months,SERAIKELA,
Jharkhand,Seraikela,IMD110-P2161,1991,30.1,0.0,41.4,10.9,57.1,166.9,222.3,406.4,187.3,18.2,1.4,34.0,1176.0,30.1,109.3,982.8,53.7,2163,,SERAIKELA,
Jharkhand,Seraikela,IMD110-P2161,1992,7.1,2.1,0.0,2.1,48.2,152.5,245.7,263.4,313.5,19.9,4.0,2.6,1061.0,9.2,50.3,975.1,26.4,2163,,SERAIKELA,
Jharkhand,Seraikela,IMD110-P2161,1993,0.0,0.3,9.7,59.5,100.0,212.6,187.2,275.1,364.2,34.4,0.0,0.0,1242.9,0.3,169.1,1039.1,34.4,2163,,SERAIKELA,
Jharkhand,Seraikela,IMD110-P2161,1994,8.4,57.6,0.0,,39.2,366.3,603.3,420.9,194.1,116.2,0.0,0.0,,66.0,,1584.7,116.2,2163,missing_months,SERAIKELA,
Jharkhand,Seraikela,IMD110-P2161,1995,4.7,17.2,30.1,3.1,63.9,79.7,378.6,320.6,435.3,59.6,62.8,5.5,1461.1,21.9,97.2,1214.2,127.9,2163,,SERAIKELA,
Jharkhand,Seraikela,IMD110-P2161,1996,20.5,8.0,20.3,3.1,11.3,292.9,347.5,303.9,92.1,0.0,,0.0,,28.5,34.7,1036.4,,2163,missing_months,SERAIKELA,
Jharkhand,Seraikela,IMD110-P2161,1997,9.0,3.4,0.0,37.2,18.5,184.5,371.9,401.0,136.1,19.2,19.8,38.4,1239.0,12.4,55.6,1093.5,77.5,2163,,SERAIKELA,
Jharkhand,Seraikela,IMD110-P2161,1998,120.6,21.1,57.7,35.8,19.5,67.5,163.8,122.1,239.7,161.7,28.0,0.0,1037.5,141.7,113.0,593.1,189.7,2163,,SERAIKELA,
Jharkhand,Seraikela,IMD110-P2161,1999,0.0,0.0,0.0,0.0,117.4,280.1,510.8,231.0,375.0,146.7,0.0,0.0,1661.0,0.0,117.4,1397.0,146.7,2163,,SERAIKELA,
Jharkhand,Seraikela,IMD110-P2161,2000,3.2,8.9,0.0,3.4,39.4,128.8,221.4,86.5,241.9,23.0,0.0,0.0,756.5,12.2,42.8,678.5,23.0,2163,,SERAIKELA,
Jharkhand,Seraikela,IMD110-P2161,2001,1.8,0.0,9.1,8.9,48.3,327.5,379.7,197.4,72.7,54.3,0.0,0.0,1099.8,1.8,66.3,977.3,54.3,2163,,SERAIKELA,
Jharkhand,Seraikela,IMD110-P2161,2002,3.1,0.0,0.4,0.3,2.0,291.0,150.0,295.7,104.7,13.4,0.0,0.6,861.2,3.1,2.7,841.4,14.0,2163,,SERAIKELA,
Jharkhand,Seraikela,IMD110-P2161,2003,0.0,1.7,2.7,5.7,20.8,124.5,258.5,170.5,184.0,136.0,18.7,2.5,925.4,1.7,29.1,737.4,157.2,2163,,SERAIKELA,
Jharkhand,Seraikela,IMD110-P2161,2004,0.6,0.0,1.1,14.6,4.4,95.7,216.5,476.3,137.7,76.5,0.0,0.0,1023.5,0.6,20.1,926.2,76.5,2163,,SERAIKELA,
Jharkhand,Seraikela,IMD110-P2161,2005,9.4,24.3,6.0,1.7,16.3,194.6,228.6,199.6,136.4,145.7,0.0,20.9,983.6,33.7,24.0,759.2,166.6,2163,,SERAIKELA,
Jharkhand,Seraikela,IMD110-P2161,2006,2.1,0.0,6.3,12.6,163.7,168.4,484.1,304.4,278.6,12.6,4.4,0.0,1437.3,2.1,182.7,1235.5,17.0,2164,,SERAIKELA,
Jharkhand,Seraikela,IMD110-P2161,2007,0.0,59.3,38.3,19.5,54.8,153.9,559.2,371.2,265.4,13.2,16.0,0.0,1550.6,59.3,112.5,1349.7,29.2,2164,,SERAIKELA,
Jharkhand,Seraikela,IMD110-P2161,2008,15.8,0.0,2.7,12.8,95.8,603.8,303.3,199.2,170.8,11.1,0.0,0.0,1415.2,15.8,111.2,1277.2,11.1,2164,,SERAIKELA,
Jharkhand,Seraikela,IMD110-P2161,2009,0.5,0.0,3.4,0.0,105.0,61.8,342.5,255.1,249.4,65.3,0.0,0.0,1083.1,0.5,108.5,908.9,65.3,2164,,SERAIKELA,
Jharkhand,Seraikela,IMD110-P2161,2010,0.0,0.2,0.0,1.0,19.3,66.7,90.2,137.8,214.3,44.1,13.3,24.1,611.1,0.2,20.3,509.1,81.5,2164,,SERAIKELA,
Jharkhand,Simdega,IMD110-P2165,1901,86.1,97.4,18.0,13.3,,,405.3,403.9,127.8,28.6,,,,183.5,,,,2165,missing_months,SIMDEGA,
Jharkhand,Simdega,IMD110-P2165,1902,0.0,1.3,4.8,44.0,26.2,112.2,996.2,289.6,279.0,0.0,0.0,13.9,1767.3,1.3,75.0,1677.0,13.9,2165,,SIMDEGA,
Jharkhand,Simdega,IMD110-P2165,1903,65.4,17.4,21.1,3.0,49.7,147.6,209.8,420.6,141.2,251.3,0.0,0.0,1327.0,82.8,73.7,919.2,251.3,2165,,SIMDEGA,
Jharkhand,Simdega,IMD110-P2165,1904,0.0,23.1,30.0,18.0,42.3,550.8,525.0,404.3,125.2,60.9,2.0,0.6,1782.3,23.1,90.3,1605.3,63.6,2165,,SIMDEGA,
Jharkhand,Simdega,IMD110-P2165,1905,51.3,60.8,35.0,20.3,51.1,44.3,369.6,363.4,343.3,16.1,0.0,0.0,1355.1,112.1,106.3,1120.6,16.1,2165,,SIMDEGA,
Jharkhand,Simdega,IMD110-P2165,1906,106.4,162.8,46.0,0.0,17.3,200.8,421.3,,193.2,30.5,0.0,0.0,,269.2,63.3,,30.5,2165,missing_months,SIMDEGA,
Jharkhand,Simdega,IMD110-P2165,1907,0.0,27.0,89.7,25.8,17.1,379.3,385.3,646.9,71.0,0.0,0.0,49.5,1691.7,27.0,132.6,1482.6,49.5,2165,,SIMDEGA,
Jharkhand,Simdega,IMD110-P2165,1908,8.9,87.6,10.8,0.0,35.8,219.8,520.0,483.3,159.6,10.1,0.0,0.0,1535.8,96.5,46.5,1382.6,10.1,2165,,SIMDEGA,
Jharkhand,Simdega,IMD110-P2165,1909,39.2,2.8,0.0,83.9,34.3,499.9,678.3,,254.1,0.0,0.0,4.7,,42.0,118.3,,4.7,2165,missing_months,SIMDEGA,
Jharkhand,Simdega,IMD110-P2165,1910,56.7,0.0,0.0,21.0,4.4,208.8,301.8,523.3,205.3,71.6,0.0,0.0,1393.0,56.7,25.5,1239.2,71.6,2165,,SIMDEGA,
Jharkhand,Simdega,IMD110-P2165,1911,0.0,0.0,17.4,0.0,7.2,340.4,126.1,596.3,383.5,53.9,3.6,0.0,1528.3,0.0,24.6,1446.3,57.5,2165,,SIMDEGA,
Jharkhand,Simdega,IMD110-P2165,1912,0.0,36.3,4.4,14.5,12.2,89.6,462.9,469.7,132.9,17.1,0.0,0.0,1239.6,36.3,31.1,1155.1,17.1,2165,,SIMDEGA,
Jharkhand,Simdega,IMD110-P2165,1913,0.0,94.7,19.0,0.0,26.1,244.7,414.0,494.7,102.4,12.9,31.5,18.8,1458.8,94.7,45.2,1255.8,63.2,2165,,SIMDEGA,
Jharkhand,Simdega,IMD110-P2165,1914,0.0,4.6,0.0,8.6,97.3,147.4,528.7,384.1,245.5,13.5,0.0,0.0,1429.7,4.6,105.8,1305.8,13.5,2165,,SIMDEGA,
Jharkhand,Simdega,IMD110-P2165,1915,1.0,0.0,4.6,1.3,61.4,75.7,351.2,177.9,145.7,98.8,26.0,0.0,943.4,1.0,67.2,750.5,124.7,2165,,SIMDEGA,
Jharkhand,Simdega,IMD110-P2165,1916,0.0,12.7,0.0,12.7,0.0,331.8,213.2,286.4,228.5,266.3,18.4,0.0,1370.0,12.7,12.7,1059.9,284.7,2165,,SIMDEGA,
Jharkhand,Simdega,IMD110-P2165,1917,2.5,27.5,2.5,1.3,38.3,311.3,559.0,288.0,330.2,148.9,24.8,0.0,1734.3,30.0,42.1,1488.4,173.7,2165,,SIMDEGA,
Jharkhand,Simdega,IMD110-P2165,1918,6.8,0.0,0.0,21.0,106.1,432.5,289.1,515.3,188.0,0.0,0.0,0.0,1558.9,6.8,127.1,1424.9,0.0,2165,,SIMDEGA,
Jharkhand,Simdega,IMD110-P2165,1919,76.5,29.6,23.5,7.8,27.1,416.6,380.5,473.7,159.7,41.2,0.0,0.0,1636.2,106.1,58.4,1430.5,41.2,2165,,SIMDEGA,
Jharkhand,Simdega,IMD110-P2165,1920,0.0,5.3,49.2,15.4,38.6,123.3,866.9,473.4,107.9,0.0,0.0,0.0,1680.0,5.3,103.3,1571.4,0.0,2165,,SIMDEGA,
Jharkhand,Simdega,IMD110-P2165,1921,46.8,3.8,0.0,7.9,4.5,268.6,367.9,514.6,154.1,25.3,0.0,0.0,1393.6,50.6,12.4,1305.2,25.3,2165,,SIMDEGA,
Jharkhand,Simdega,IMD110-P2165,1922,5.7,5.8,0.0,10.5,1.7,180.9,615.0,418.4,278.6,85.9,10.7,1.4,1614.6,11.5,12.1,1493.0,98.0,2165,,SIMDEGA,
Jharkhand,Simdega,IMD110-P2165,1923,0.4,118.1,1.5,2.7,9.8,183.2,446.3,629.7,83.4,75.1,33.4,0.0,1583.8,118.5,14.1,1342.7,108.5,2165,,SIMDEGA,
Jharkhand,Simdega,IMD110-P2165,1924,27.5,17.2,1.7,0.3,35.0,101.7,438.4,261.1,316.5,44.1,84.3,0.0,1328.0,44.7,37.1,1117.7,128.5,2165,,SIMDEGA,
Jharkhand,Simdega,IMD110-P2165,1925,0.0,0.0,8.1,9.8,101.4,308.2,582.8,304.6,231.1,41.6,9.6,0.0,1597.2,0.0,119.4,1426.7,51.2,2165,,SIMDEGA,
Jharkhand,Simdega,IMD110-P2165,1926,35.8,5.0,126.9,36.8,27.9,72.1,388.2,490.3,313.9,91.5,0.0,6.3,1594.8,40.8,191.6,1264.6,97.8,2165,,SIMDEGA,
Jharkhand,Simdega,IMD110-P2165,1927,3.1,120.6,27.3,4.6,18.0,90.2,489.0,445.4,154.9,33.7,12.9,0.0,1399.6,123.7,49.9,1179.5,46.6,2165,,SIMDEGA,
Jharkhand,Simdega,IMD110-P2165,1928,10.4,5.0,11.4,21.1,27.7,231.8,439.2,323.5,165.5,206.1,0.0,0.0,1441.5,15.4,60.1,1160.0,206.1,2165,,SIMDEGA,
Jharkhand,Simdega,IMD110-P2165,1929,64.8,27.9,3.6,9.8,22.1,117.7,593.4,397.7,157.8,101.1,0.0,56.5,1552.3,92.7,35.4,1266.5,157.6,2165,,SIMDEGA,
Jharkhand,Simdega,IMD110-P2165,1930,0.0,1.4,5.1,4.2,18.0,152.3,539.9,453.4,189.0,39.4,194.2,5.0,1601.8,1.4,27.3,1334.6,238.6,2165,,SIMDEGA,
Jharkhand,Simdega,IMD110-P2165,1931,4.1,116.3,21.6,0.2,33.6,135.7,467.9,480.7,197.4,105.2,46.7,0.0,1609.1,120.4,55.3,1281.6,151.9,2165,,SIMDEGA,
Jharkhand,Simdega,IMD110-P2165,1932,0.0,30.7,18.3,16.2,10.4,92.8,437.6,394.5,316.9,30.0,32.5,0.0,1380.0,30.7,45.0,1241.8,62.6,2165,,SIMDEGA,
Jharkhand,Simdega,IMD110-P2165,1933,26.9,83.4,7.2,15.7,79.0,213.0,581.7,412.6,263.0,58.5,2.8,7.6,1751.5,110.4,101.8,1470.4,68.9,2165,,SIMDEGA,
Jharkhand,Simdega,IMD110-P2165,1934,5.6,0.0,1.7,3.6,0.0,175.0,375.8,391.0,254.8,70.4,5.7,4.1,1287.6,5.6,5.3,1196.6,80.1,2166,,SIMDEGA,
Jharkhand,Simdega,IMD110-P2165,1935,14.4,15.2,13.9,66.2,5.8,133.8,533.3,276.7,178.0,0.0,0.0,0.0,1237.3,29.6,85.8,1121.8,0.0,2166,,SIMDEGA,
Jharkhand,Simdega,IMD110-P2165,1936,22.5,32.1,8.9,0.0,70.2,348.2,466.1,447.1,344.9,159.0,6.9,1.6,1907.6,54.6,79.2,1606.4,167.5,2166,,SIMDEGA,
Jharkhand,Simdega,IMD110-P2165,1937,0.0,76.0,10.8,46.2,40.0,265.7,422.8,285.0,280.9,125.3,5.8,0.0,1558.5,76.0,96.9,1254.4,131.1,2166,,SIMDEGA,
Jharkhand,Simdega,IMD110-P2165,1938,38.3,35.2,0.3,0.0,108.3,196.2,403.5,377.7,236.8,40.1,1.2,0.0,1437.7,73.5,108.6,1214.3,41.3,2166,,SIMDEGA,
Jharkhand,Simdega,IMD110-P2165,1939,15.2,35.3,53.1,14.9,5.8,251.7,407.1,342.3,245.0,211.3,0.0,0.6,1582.2,50.5,73.7,1246.1,211.9,2166,,SIMDEGA,
Jharkhand,Simdega,IMD110-P2165,1940,0.0,47.2,97.4,15.3,34.5,165.2,420.7,356.6,221.5,34.5,0.0,19.1,1412.0,47.2,147.2,1164.0,53.5,2166,,SIMDEGA,
Jharkhand,Simdega,IMD110-P2165,1941,26.5,8.6,2.4,4.3,18.5,226.3,388.6,415.1,149.8,119.1,52.4,0.0,1411.8,35.1,25.3,1179.9,171.5,2166,,SIMDEGA,
Jharkhand,Simdega,IMD110-P2165,1942,8.2,51.6,7.6,22.1,14.9,89.3,491.7,407.5,342.5,42.5,0.9,3.4,1482.2,59.8,44.6,1331.0,46.8,2166,,SIMDEGA,
Jharkhand,Simdega,IMD110-P2165,1943,92.6,8.3,0.0,31.3,47.6,146.2,474.8,612.5,389.1,30.0,0.0,0.0,1832.4,100.9,78.9,1622.6,30.0,2166,,SIMDEGA,
Jharkhand,Simdega,IMD110-P2165,1944,38.4,71.9,57.0,40.1,0.3,86.7,363.5,567.2,130.6,197.0,3.7,0.0,1556.3,110.3,97.3,1148.0,200.7,2166,,SIMDEGA,
Jharkhand,Simdega,IMD110-P2165,1945,63.3,3.2,0.0,16.1,48.6,278.6,609.3,408.0,390.4,190.3,0.0,0.0,2007.9,66.5,64.8,1686.4,190.3,2166,,SIMDEGA,
Jharkhand,Simdega,IMD110-P2165,1946,0.0,12.6,0.4,21.6,56.9,295.8,435.6,446.5,201.2,30.0,41.5,0.2,1542.3,12.6,78.9,1379.1,71.8,2166,,SIMDEGA,
Jharkhand,Simdega,IMD110-P2165,1947,8.6,21.7,45.0,2.8,6.3,93.8,422.2,459.1,299.0,122.0,0.0,17.3,1497.7,30.2,54.1,1274.0,139.4,2166,,SIMDEGA,
Jharkhand,Simdega,IMD110-P2165,1948,9.8,0.7,7.8,1.1,28.8,248.6,357.9,547.4,207.2,51.2,37.1,0.0,1497.5,10.5,37.8,1361.0,88.3,2166,,SIMDEGA,
Jharkhand,Simdega,IMD110-P2165,1949,11.7,9.9,6.4,29.6,95.5,196.6,583.3,550.1,307.4,46.7,0.0,14.0,1851.2,21.6,131.5,1637.4,60.7,2166,,SIMDEGA,
Jharkhand,Simdega,IMD110-P2165,1950,0.8,17.5,14.6,0.0,0.8,288.8,481.8,330.7,158.2,4.3,23.8,0.0,1321.4,18.4,15.4,1259.5,28.1,2166,,SIMDEGA,
Jharkhand,Simdega,IMD110-P2165,1951,0.8,0.0,90.9,29.4,16.8,171.0,191.8,386.2,112.0,99.1,1.7,0.0,1099.8,0.8,137.1,861.0,100.8,2166,,SIMDEGA,
Jharkhand,Simdega,IMD110-P2165,1952,0.0,12.3,16.9,23.8,37.3,210.7,481.4,376.7,334.1,54.5,0.0,0.0,1547.6,12.3,78.0,1402.9,54.5,2166,,SIMDEGA,
Jharkhand,Simdega,IMD110-P2165,1953,12.5,9.0,0.0,4.7,18.7,181.1,536.5,471.5,338.4,45.2,3.1,0.2,1620.9,21.5,23.4,1527.5,48.5,2166,,SIMDEGA,
Jharkhand,Simdega,IMD110-P2165,1954,2.8,9.1,7.1,9.4,1.9,80.6,265.3,352.1,265.0,16.9,0.0,7.8,1018.0,11.9,18.4,963.0,24.7,2166,,SIMDEGA,
Jharkhand,Simdega,IMD110-P2165,1955,26.0,6.5,4.3,0.4,22.3,171.4,390.5,283.8,226.0,121.4,4.5,0.0,1257.2,32.6,27.1,1071.7,125.8,2166,,SIMDEGA,
Jharkhand,Simdega,IMD110-P2165,1956,0.0,22.0,17.6,3.4,101.7,376.0,404.5,718.5,244.1,155.9,11.1,14.8,2069.5,22.0,122.7,1743.1,181.7,2166,,SIMDEGA,
Jharkhand,Simdega,IMD110-P2165,1957,64.8,23.3,13.3,3.4,5.5,148.1,491.6,359.0,184.4,8.1,0.0,0.0,1301.5,88.1,22.3,1183.1,8.1,2166,,SIMDEGA,
Jharkhand,Simdega,IMD110-P2165,1958,8.7,61.2,24.1,12.4,13.1,158.0,313.0,186.5,150.0,56.3,0.5,0.0,983.9,69.9,49.6,807.6,56.8,2166,,SIMDEGA,
Jharkhand,Simdega,IMD110-P2165,1959,4.4,3.3,0.7,27.2,25.0,91.7,220.3,267.7,1342.5,379.6,0.0,0.0,2362.5,7.8,52.9,1922.2,379.6,2166,,SIMDEGA,
Jharkhand,Simdega,IMD110-P2165,1960,11.4,0.0,28.2,0.3,2.7,73.7,462.1,440.9,303.6,54.2,0.0,0.0,1377.1,11.4,31.2,1280.3,54.2,2166,,SIMDEGA,
Jharkhand,Simdega,IMD110-P2165,1961,4.4,53.1,0.0,5.2,20.3,370.4,378.9,348.6,357.4,129.6,0.9,0.0,1668.8,57.5,25.5,1455.3,130.5,2166,,SIMDEGA,
Jharkhand,Simdega,IMD110-P2165,1962,0.0,0.0,0.0,71.1,19.0,274.9,235.2,227.0,141.0,36.4,0.0,0.0,1004.6,0.0,90.1,878.1,36.4,2166,,SIMDEGA,
Jharkhand,Simdega,IMD110-P2165,1963,0.0,3.0,1.6,,17.0,118.8,359.6,359.2,263.9,125.9,0.0,0.0,,3.0,,1101.6,125.9,2166,missing_months,SIMDEGA,
Jharkhand,Simdega,IMD110-P2165,1964,0.0,4.0,0.0,0.0,2.0,142.0,292.0,,201.5,104.0,0.0,0.0,,4.0,2.0,,104.0,2166,missing_months,SIMDEGA,
Jharkhand,Simdega,IMD110-P2165,1965,5.5,0.0,1.5,16.4,3.5,111.9,247.1,177.2,145.3,0.0,0.0,0.0,708.2,5.5,21.4,681.3,0.0,2166,,SIMDEGA,
Jharkhand,Simdega,IMD110-P2165,1966,21.8,0.7,0.0,15.6,7.1,291.6,266.3,294.5,55.8,70.9,2.2,3.7,1030.1,22.5,22.6,908.2,76.7,2166,,SIMDEGA,
Jharkhand,Simdega,IMD110-P2165,1967,15.1,0.0,31.2,12.0,77.9,50.5,430.0,469.7,345.5,2.5,4.1,21.7,1460.3,15.1,121.2,1295.7,28.3,2166,,SIMDEGA,
Jharkhand,Simdega,IMD110-P2165,1968,64.6,38.4,8.8,0.2,44.6,251.0,403.0,451.5,73.5,36.7,0.0,2.1,1374.5,103.1,53.6,1179.0,38.8,2167,,SIMDEGA,
Jharkhand,Simdega,IMD110-P2165,1969,8.9,1.7,3.1,22.5,141.9,174.5,421.9,406.4,215.9,38.5,10.3,1.0,1446.7,10.6,167.6,1218.7,49.8,2167,,SIMDEGA,
Jharkhand,Simdega,IMD110-P2165,1970,19.3,30.3,16.0,12.8,33.4,214.5,486.4,303.0,392.3,34.0,0.3,0.0,1542.4,49.6,62.3,1396.2,34.4,2167,,SIMDEGA,
Jharkhand,Simdega,IMD110-P2165,1975,24.1,11.7,17.3,4.9,12.2,153.0,599.5,589.4,222.1,154.4,0.0,0.0,1788.4,35.8,34.3,1564.0,154.4,2167,,SIMDEGA,
Jharkhand,Simdega,IMD110-P2165,1976,0.0,22.1,,26.0,63.5,97.7,307.1,379.7,394.5,3.3,9.5,12.2,,22.1,,1179.1,24.9,2167,missing_months,SIMDEGA,
Jharkhand,Simdega,IMD110-P2165,1977,30.7,2.5,0.3,18.8,117.0,333.1,668.1,434.5,183.6,27.2,7.8,16.1,1839.8,33.2,136.2,1619.3,51.1,2167,,SIMDEGA,
Jharkhand,Simdega,IMD110-P2165,1978,26.5,31.6,87.3,16.2,15.6,222.1,305.8,340.8,297.5,36.1,5.8,26.9,1412.2,58.1,119.1,1166.2,68.8,2167,,SIMDEGA,
Jharkhand,Simdega,IMD110-P2165,1979,5.1,46.6,3.3,10.9,5.7,91.3,209.4,141.4,167.4,25.6,10.6,12.1,729.3,51.8,19.9,609.3,48.3,2167,,SIMDEGA,
Jharkhand,Simdega,IMD110-P2165,1980,19.0,0.0,31.2,52.5,48.1,274.4,508.3,364.3,301.6,41.6,0.0,0.7,1641.8,19.0,131.8,1448.7,42.3,2167,,SIMDEGA,
Jharkhand,Simdega,IMD110-P2165,1981,50.8,13.2,22.8,11.3,60.6,185.8,466.2,234.5,286.1,35.9,2.3,3.7,1373.1,63.9,94.7,1172.6,41.8,2167,,SIMDEGA,
Jharkhand,Simdega,IMD110-P2165,1982,17.5,20.6,78.8,25.5,66.3,183.5,279.4,465.3,156.0,38.0,10.7,0.0,1341.6,38.2,170.6,1084.2,48.7,2167,,SIMDEGA,
Jharkhand,Simdega,IMD110-P2165,1983,0.0,63.8,8.1,48.6,125.9,112.6,314.7,332.8,421.0,84.4,0.0,30.4,1542.2,63.8,182.6,1181.0,114.8,2167,,SIMDEGA,
Jharkhand,Simdega,IMD110-P2165,1984,54.6,6.4,0.0,37.1,10.4,472.6,551.0,384.7,83.9,56.6,0.0,0.0,1657.3,61.0,47.5,1492.2,56.6,2167,,SIMDEGA,
Jharkhand,Simdega,IMD110-P2165,1985,66.6,18.2,0.0,9.9,75.9,126.9,442.4,259.7,221.3,86.2,0.0,0.0,1307.2,84.8,85.9,1050.3,86.2,2167,,SIMDEGA,
Jharkhand,Simdega,IMD110-P2165,1986,10.0,29.8,14.2,50.2,58.8,390.2,464.5,172.5,140.1,143.8,100.3,41.5,1615.9,39.8,123.1,1167.4,285.5,2167,,SIMDEGA,
Jharkhand,Simdega,IMD110-P2165,1987,9.3,12.1,9.4,10.0,46.6,88.6,613.7,485.0,384.3,32.8,19.1,6.3,1717.3,21.4,66.0,1571.7,58.2,2167,,SIMDEGA,
Jharkhand,Simdega,IMD110-P2165,1988,4.8,94.5,34.1,32.4,34.1,470.4,474.0,559.0,201.1,27.0,1.8,0.0,1933.3,99.2,100.6,1704.6,28.9,2167,,SIMDEGA,
Jharkhand,Simdega,IMD110-P2165,1989,0.2,0.0,4.7,0.0,11.6,411.1,,300.4,227.0,44.9,3.9,30.9,,0.2,16.2,,79.6,2167,missing_months,SIMDEGA,
Jharkhand,Simdega,IMD110-P2165,1990,0.0,21.3,13.0,13.5,78.4,261.3,631.1,267.9,304.2,298.5,6.6,0.0,1895.9,21.3,104.9,1464.6,305.1,2167,,SIMDEGA,
Jharkhand,Simdega,IMD110-P2165,1991,40.4,0.8,17.4,13.0,8.1,175.2,356.2,566.2,393.6,16.9,0.8,63.3,1651.8,41.2,38.5,1491.1,81.0,2167,,SIMDEGA,
Jharkhand,Simdega,IMD110-P2165,1992,1.7,6.5,5.3,36.6,69.8,164.1,473.7,348.1,192.8,16.4,0.1,0.0,1315.1,8.2,111.6,1178.7,16.6,2167,,SIMDEGA,
Jharkhand,Simdega,IMD110-P2165,1993,0.0,4.1,9.4,18.7,15.0,305.5,387.7,254.7,393.9,92.7,19.5,0.0,1501.1,4.1,43.1,1341.7,112.2,2167,,SIMDEGA,
Jharkhand,Simdega,IMD110-P2165,1994,15.4,14.1,0.5,13.5,32.8,618.5,819.5,495.8,361.7,78.7,14.1,0.0,2464.5,29.5,46.7,2295.4,92.8,2167,,SIMDEGA,
Jharkhand,Simdega,IMD110-P2165,1995,23.8,3.0,39.0,51.6,28.9,195.4,510.8,384.5,253.6,17.1,89.5,10.0,1607.2,26.8,119.5,1344.3,116.6,2167,,SIMDEGA,
Jharkhand,Simdega,IMD110-P2165,1996,17.1,40.7,4.3,1.6,7.2,424.5,510.6,467.1,190.1,27.9,0.0,0.0,1691.1,57.8,13.2,1592.3,27.9,2167,,SIMDEGA,
Jharkhand,Simdega,IMD110-P2165,1997,2.8,0.0,0.0,15.9,7.0,283.8,358.7,463.8,276.0,13.6,53.3,42.6,1517.4,2.8,22.9,1382.3,109.4,2167,,SIMDEGA,
Jharkhand,Simdega,IMD110-P2165,1998,191.3,10.6,37.9,49.4,41.2,82.8,340.7,215.2,292.7,69.9,35.8,0.0,1367.6,201.9,128.6,931.4,105.7,2167,,SIMDEGA,
Jharkhand,Simdega,IMD110-P2165,1999,0.0,0.0,0.0,0.0,87.6,193.8,290.4,353.1,325.0,44.7,2.5,0.0,1297.0,0.0,87.6,1162.1,47.3,2167,,SIMDEGA,
Jharkhand,Simdega,IMD110-P2165,2000,0.0,0.0,0.0,0.0,,177.9,397.1,100.6,149.8,4.0,1.5,0.0,,0.0,,825.4,5.5,2167,missing_months,SIMDEGA,
Jharkhand,Simdega,IMD110-P2165,2001,0.0,5.0,21.2,8.9,22.4,201.1,485.1,218.4,144.4,87.5,0.0,0.0,1194.0,5.0,52.5,1049.0,87.5,2167,,SIMDEGA,
Jharkhand,Simdega,IMD110-P2165,2002,11.2,2.8,9.3,10.8,10.4,165.0,143.5,251.0,247.6,17.4,0.0,0.0,868.9,14.0,30.5,807.1,17.4,2167,,SIMDEGA,
Jharkhand,Simdega,IMD110-P2165,2003,0.0,4.7,6.5,0.0,0.0,86.4,268.5,232.9,264.9,166.5,6.9,9.0,1046.4,4.7,6.5,852.8,182.4,2167,,SIMDEGA,
Jharkhand,Simdega,IMD110-P2165,2004,1.2,0.0,0.0,59.8,16.2,178.9,324.3,389.5,243.7,69.4,0.0,0.0,1283.0,1.2,76.0,1136.4,69.4,2167,,SIMDEGA,
Jharkhand,Simdega,IMD110-P2165,2005,37.3,17.7,2.5,0.0,4.1,382.4,318.2,,,,,,,55.0,6.6,,,2167,missing_months,SIMDEGA,
Jharkhand,Simdega,IMD110-P2165,2006,,,,,,,493.5,364.1,117.3,35.0,2.3,0.0,,,,,37.3,2168,missing_months,SIMDEGA,
Jharkhand,Simdega,IMD110-P2165,2007,19.8,17.0,13.8,11.3,57.0,189.0,325.2,403.3,283.0,77.6,50.2,0.0,1447.2,36.9,82.1,1200.6,127.7,2168,,SIMDEGA,
Jharkhand,Simdega,IMD110-P2165,2008,12.8,9.0,22.9,0.0,16.3,539.6,312.5,528.4,86.7,14.4,0.0,0.0,1542.6,21.8,39.2,1467.2,14.4,2168,,SIMDEGA,
Jharkhand,Simdega,IMD110-P2165,2009,0.0,0.0,0.0,1.2,35.4,110.2,406.1,285.6,105.3,102.6,0.0,0.0,1046.4,0.0,36.6,907.2,102.6,2168,,SIMDEGA,
Jharkhand,Simdega,IMD110-P2165,2010,0.0,0.6,0.0,15.5,53.8,147.5,282.3,124.6,179.3,82.0,6.3,41.6,933.4,0.6,69.3,733.7,129.9,2168,,SIMDEGA,
Jharkhand,Singbhum East,IMD110-P2169,1901,113.4,86.9,9.1,75.4,,,,600.1,305.2,,,,,200.3,,,,2169,missing_months,SINGBHUM EAST,
Jharkhand,Singbhum East,IMD110-P2169,1902,0.0,0.0,23.4,48.1,105.3,91.3,326.6,176.9,223.9,9.1,26.6,18.1,1049.4,0.0,176.7,818.8,53.9,2169,,SINGBHUM EAST,
Jharkhand,Singbhum East,IMD110-P2169,1903,26.0,15.6,18.0,31.9,45.0,240.3,381.0,207.6,296.4,298.2,2.8,0.0,1562.8,41.6,94.9,1125.2,301.0,2169,,SINGBHUM EAST,
Jharkhand,Singbhum East,IMD110-P2169,1904,0.0,32.0,43.0,23.8,96.4,273.3,670.8,485.3,228.8,40.1,0.0,0.0,1893.7,32.0,163.3,1658.3,40.1,2169,,SINGBHUM EAST,
Jharkhand,Singbhum East,IMD110-P2169,1905,27.2,60.4,51.0,91.6,121.7,58.3,482.3,230.9,334.6,54.9,0.0,2.3,1515.1,87.6,264.3,1106.1,57.2,2169,,SINGBHUM EAST,
Jharkhand,Singbhum East,IMD110-P2169,1906,67.5,158.1,43.3,2.2,80.3,169.4,566.2,205.5,239.9,81.7,21.6,0.0,1635.5,225.6,125.7,1180.9,103.3,2169,,SINGBHUM EAST,
Jharkhand,Singbhum East,IMD110-P2169,1907,0.0,34.8,38.6,39.8,31.3,332.6,158.4,337.2,489.4,5.2,0.0,60.8,1528.1,34.8,109.6,1317.6,66.0,2169,,SINGBHUM EAST,
Jharkhand,Singbhum East,IMD110-P2169,1908,12.5,0.0,0.0,0.0,106.3,252.2,371.3,462.4,175.9,16.6,0.0,0.0,1397.2,12.5,106.3,1261.8,16.6,2169,,SINGBHUM EAST,
Jharkhand,Singbhum East,IMD110-P2169,1909,32.1,15.1,0.4,159.4,76.8,287.0,261.7,376.8,351.2,33.5,0.0,22.8,1616.8,47.2,236.6,1276.7,56.3,2169,,SINGBHUM EAST,
Jharkhand,Singbhum East,IMD110-P2169,1910,51.8,11.3,0.0,94.9,66.0,331.6,200.9,227.2,260.8,78.8,0.0,0.0,1323.3,63.1,160.9,1020.5,78.8,2169,,SINGBHUM EAST,
Jharkhand,Singbhum East,IMD110-P2169,1911,0.0,0.0,47.5,21.6,117.1,295.6,186.6,293.5,399.6,114.4,10.7,0.0,1486.7,0.0,186.2,1175.3,125.1,2169,,SINGBHUM EAST,
Jharkhand,Singbhum East,IMD110-P2169,1912,0.0,43.9,59.8,96.9,27.1,189.3,350.3,251.8,183.3,193.9,79.1,0.0,1475.3,43.9,183.9,974.6,273.0,2169,,SINGBHUM EAST,
Jharkhand,Singbhum East,IMD110-P2169,1913,2.5,132.0,17.6,2.7,181.5,407.8,404.4,416.8,283.0,117.1,6.4,10.2,1982.0,134.5,201.9,1511.9,133.7,2169,,SINGBHUM EAST,
Jharkhand,Singbhum East,IMD110-P2169,1914,0.0,27.8,31.5,35.9,171.6,185.0,427.6,230.3,158.4,35.3,0.0,8.9,1312.4,27.8,239.0,1001.3,44.2,2169,,SINGBHUM EAST,
Jharkhand,Singbhum East,IMD110-P2169,1915,0.8,22.0,61.3,39.5,32.0,270.3,308.2,210.3,295.4,102.8,49.5,0.0,1391.7,22.7,132.8,1084.0,152.2,2169,,SINGBHUM EAST,
Jharkhand,Singbhum East,IMD110-P2169,1916,0.0,1.4,0.2,33.7,55.4,291.5,241.5,270.7,184.2,232.1,69.5,0.0,1380.1,1.4,89.3,987.9,301.5,2169,,SINGBHUM EAST,
Jharkhand,Singbhum East,IMD110-P2169,1917,0.0,71.6,8.7,20.9,203.6,507.7,249.6,270.8,152.7,206.4,0.4,0.0,1692.4,71.6,233.3,1180.8,206.8,2169,,SINGBHUM EAST,
Jharkhand,Singbhum East,IMD110-P2169,1918,3.0,0.0,6.6,31.0,208.3,320.2,173.4,244.0,178.2,0.0,0.0,1.0,1165.7,3.0,245.9,915.8,1.0,2169,,SINGBHUM EAST,
Jharkhand,Singbhum East,IMD110-P2169,1919,52.6,22.7,5.3,56.6,106.2,386.7,239.6,434.8,171.6,48.3,23.4,0.0,1547.8,75.3,168.1,1232.7,71.8,2169,,SINGBHUM EAST,
Jharkhand,Singbhum East,IMD110-P2169,1920,0.0,14.3,98.4,14.1,17.5,160.8,575.6,238.1,87.8,25.5,0.0,0.0,1232.1,14.3,129.9,1062.3,25.5,2169,,SINGBHUM EAST,
Jharkhand,Singbhum East,IMD110-P2169,1921,39.1,4.8,12.3,45.8,5.2,293.3,310.3,220.7,181.6,39.1,0.0,0.0,1152.1,43.9,63.3,1005.8,39.1,2169,,SINGBHUM EAST,
Jharkhand,Singbhum East,IMD110-P2169,1922,3.3,2.5,0.0,16.3,78.8,312.4,354.4,345.6,281.0,52.8,16.6,3.3,1467.1,5.8,95.1,1293.4,72.8,2169,,SINGBHUM EAST,
Jharkhand,Singbhum East,IMD110-P2169,1923,0.0,75.7,12.1,16.6,73.1,118.1,212.9,648.5,131.9,29.5,15.4,0.0,1333.8,75.7,101.8,1111.5,44.8,2169,,SINGBHUM EAST,
Jharkhand,Singbhum East,IMD110-P2169,1924,8.7,6.7,0.0,20.7,30.3,192.5,324.0,245.6,156.8,73.3,80.0,0.0,1138.6,15.4,50.9,918.9,153.3,2169,,SINGBHUM EAST,
Jharkhand,Singbhum East,IMD110-P2169,1925,4.9,2.4,20.1,74.3,79.9,153.5,287.0,291.8,145.5,205.0,0.0,0.5,1265.0,7.3,174.3,877.8,205.5,2169,,SINGBHUM EAST,
Jharkhand,Singbhum East,IMD110-P2169,1926,47.6,7.7,154.1,2.0,85.9,56.1,531.6,594.8,350.3,66.1,0.0,7.0,1903.3,55.3,242.1,1532.8,73.2,2169,,SINGBHUM EAST,
Jharkhand,Singbhum East,IMD110-P2169,1927,19.3,39.7,11.3,15.3,56.6,179.6,571.5,328.9,131.2,89.2,0.0,0.0,1442.5,59.0,83.1,1211.3,89.2,2169,,SINGBHUM EAST,
Jharkhand,Singbhum East,IMD110-P2169,1928,23.2,8.5,1.6,49.2,95.0,323.0,464.9,305.8,149.9,152.9,0.0,0.4,1574.3,31.7,145.8,1243.5,153.3,2169,,SINGBHUM EAST,
Jharkhand,Singbhum East,IMD110-P2169,1929,45.6,15.3,11.9,19.1,29.0,127.1,648.4,394.8,161.9,167.1,0.0,35.6,1655.9,61.0,60.0,1332.2,202.8,2169,,SINGBHUM EAST,
Jharkhand,Singbhum East,IMD110-P2169,1930,0.0,6.0,4.9,18.6,29.5,142.8,473.1,281.3,220.4,27.0,88.5,0.8,1292.8,6.0,53.0,1117.6,116.2,2169,,SINGBHUM EAST,
Jharkhand,Singbhum East,IMD110-P2169,1931,5.8,105.9,28.1,5.8,95.9,137.7,288.4,388.6,167.9,130.6,30.8,0.2,1385.7,111.6,129.8,982.6,161.6,2169,,SINGBHUM EAST,
Jharkhand,Singbhum East,IMD110-P2169,1932,0.0,36.9,11.6,22.4,92.3,138.4,299.9,223.7,185.2,28.0,50.7,0.9,1090.1,36.9,126.4,847.3,79.5,2169,,SINGBHUM EAST,
Jharkhand,Singbhum East,IMD110-P2169,1933,19.9,67.0,7.9,47.9,131.5,202.1,280.3,392.1,270.5,71.9,7.0,8.4,1506.6,86.9,187.3,1145.1,87.3,2169,,SINGBHUM EAST,
Jharkhand,Singbhum East,IMD110-P2169,1934,1.1,11.0,0.0,40.5,36.9,185.1,256.0,294.6,257.9,45.7,8.6,12.9,1150.4,12.2,77.5,993.6,67.1,2170,,SINGBHUM EAST,
Jharkhand,Singbhum East,IMD110-P2169,1935,26.2,37.1,12.3,30.7,2.7,212.2,348.2,293.8,168.5,0.2,0.0,8.1,1139.8,63.3,45.7,1022.6,8.2,2170,,SINGBHUM EAST,
Jharkhand,Singbhum East,IMD110-P2169,1936,9.7,14.3,8.2,20.9,194.6,342.8,369.8,328.4,110.8,51.6,2.0,0.7,1453.8,24.0,223.8,1151.7,54.3,2170,,SINGBHUM EAST,
Jharkhand,Singbhum East,IMD110-P2169,1937,0.0,82.6,7.6,7.2,70.5,375.0,274.3,274.3,339.9,89.7,0.0,0.3,1521.4,82.6,85.3,1263.6,90.0,2170,,SINGBHUM EAST,
Jharkhand,Singbhum East,IMD110-P2169,1938,36.1,15.8,0.3,0.0,85.0,132.5,234.6,405.9,83.5,63.1,7.6,0.0,1064.4,51.9,85.3,856.5,70.7,2170,,SINGBHUM EAST,
Jharkhand,Singbhum East,IMD110-P2169,1939,4.7,87.1,24.2,23.9,32.6,197.4,360.4,453.0,235.3,137.1,4.3,8.1,1568.1,91.8,80.7,1246.1,149.6,2170,,SINGBHUM EAST,
Jharkhand,Singbhum East,IMD110-P2169,1940,0.0,46.3,77.0,23.8,84.5,191.6,403.9,549.7,133.8,58.4,0.0,6.9,1575.9,46.3,185.3,1279.1,65.3,2170,,SINGBHUM EAST,
Jharkhand,Singbhum East,IMD110-P2169,1941,20.3,0.3,0.3,16.2,106.0,239.7,436.1,258.8,179.8,127.4,120.2,0.0,1505.2,20.7,122.5,1114.4,247.6,2170,,SINGBHUM EAST,
Jharkhand,Singbhum East,IMD110-P2169,1942,4.5,41.7,0.1,57.7,34.8,112.6,645.0,304.9,355.5,50.9,12.8,1.7,1622.1,46.2,92.5,1417.9,65.5,2170,,SINGBHUM EAST,
Jharkhand,Singbhum East,IMD110-P2169,1943,76.6,25.5,0.1,29.7,74.7,153.0,408.7,580.7,217.2,48.7,0.0,0.0,1614.8,102.0,104.5,1359.6,48.7,2170,,SINGBHUM EAST,
Jharkhand,Singbhum East,IMD110-P2169,1944,60.3,60.0,27.9,25.0,21.2,89.7,350.4,417.3,107.9,162.0,2.6,0.0,1324.4,120.3,74.2,965.2,164.6,2170,,SINGBHUM EAST,
Jharkhand,Singbhum East,IMD110-P2169,1945,40.0,16.0,2.7,64.0,103.7,243.3,200.2,209.3,255.6,143.0,0.0,0.0,1277.7,56.0,170.3,908.3,143.0,2170,,SINGBHUM EAST,
Jharkhand,Singbhum East,IMD110-P2169,1946,0.0,8.4,4.5,129.0,114.5,311.5,341.0,453.3,377.6,101.7,21.5,0.0,1863.0,8.4,248.0,1483.4,123.2,2170,,SINGBHUM EAST,
Jharkhand,Singbhum East,IMD110-P2169,1947,9.4,24.1,60.4,1.7,96.6,153.3,247.0,237.1,194.5,132.5,5.5,41.8,1203.9,33.5,158.7,832.0,179.8,2170,,SINGBHUM EAST,
Jharkhand,Singbhum East,IMD110-P2169,1948,17.6,31.6,34.5,19.7,161.1,162.2,470.1,282.2,198.8,64.4,93.4,0.2,1535.9,49.3,215.2,1113.3,158.0,2170,,SINGBHUM EAST,
Jharkhand,Singbhum East,IMD110-P2169,1949,11.2,1.6,19.0,150.9,188.7,250.7,240.7,262.6,247.0,83.1,0.0,0.0,1455.5,12.7,358.6,1001.1,83.1,2170,,SINGBHUM EAST,
Jharkhand,Singbhum East,IMD110-P2169,1950,0.0,16.7,44.8,5.3,104.8,363.3,319.1,455.4,256.4,54.6,56.9,0.0,1677.4,16.7,155.0,1394.3,111.5,2170,,SINGBHUM EAST,
Jharkhand,Singbhum East,IMD110-P2169,1951,0.0,0.0,94.4,11.0,21.3,173.6,246.9,249.4,94.3,90.0,32.2,0.0,1013.0,0.0,126.6,764.2,122.2,2170,,SINGBHUM EAST,
Jharkhand,Singbhum East,IMD110-P2169,1952,0.0,10.3,29.7,67.6,66.2,250.0,536.3,302.1,183.4,97.1,11.7,0.0,1554.4,10.3,163.4,1271.9,108.8,2170,,SINGBHUM EAST,
Jharkhand,Singbhum East,IMD110-P2169,1953,20.2,7.0,0.0,10.4,59.1,463.1,369.4,410.2,264.6,53.4,72.7,0.0,1730.2,27.2,69.5,1507.4,126.1,2170,,SINGBHUM EAST,
Jharkhand,Singbhum East,IMD110-P2169,1954,8.8,0.1,0.6,3.2,56.7,154.7,105.5,268.6,236.0,40.2,0.0,13.7,888.0,8.8,60.5,764.7,53.9,2170,,SINGBHUM EAST,
Jharkhand,Singbhum East,IMD110-P2169,1955,5.8,3.5,3.3,11.5,33.9,150.4,310.3,250.5,210.3,126.3,37.0,0.0,1142.8,9.2,48.7,921.6,163.3,2170,,SINGBHUM EAST,
Jharkhand,Singbhum East,IMD110-P2169,1956,5.6,35.1,82.2,10.2,85.6,259.5,310.9,366.3,243.0,110.9,10.9,5.2,1525.5,40.7,178.0,1179.7,127.1,2170,,SINGBHUM EAST,
Jharkhand,Singbhum East,IMD110-P2169,1957,36.4,29.9,15.9,1.8,5.9,94.9,321.5,274.7,356.4,15.8,0.0,0.1,1153.2,66.3,23.5,1047.5,15.9,2170,,SINGBHUM EAST,
Jharkhand,Singbhum East,IMD110-P2169,1958,13.0,31.9,29.0,26.1,17.2,88.3,354.6,153.7,349.4,71.1,7.0,0.0,1141.3,44.9,72.3,946.0,78.1,2170,,SINGBHUM EAST,
Jharkhand,Singbhum East,IMD110-P2169,1959,25.3,2.2,3.4,32.5,91.8,179.0,247.3,224.1,359.6,195.8,0.0,0.0,1361.2,27.5,127.7,1010.1,195.8,2170,,SINGBHUM EAST,
Jharkhand,Singbhum East,IMD110-P2169,1960,4.0,0.0,19.6,1.1,35.6,170.5,256.1,407.1,307.6,37.0,0.9,0.0,1239.6,4.0,56.3,1141.3,38.0,2170,,SINGBHUM EAST,
Jharkhand,Singbhum East,IMD110-P2169,1961,3.7,96.6,1.9,2.8,85.3,308.6,238.8,211.7,304.5,78.6,4.9,1.3,1338.5,100.3,90.0,1063.6,84.7,2170,,SINGBHUM EAST,
Jharkhand,Singbhum East,IMD110-P2169,1962,13.6,27.7,4.4,58.0,26.3,149.0,224.5,244.4,239.8,107.2,0.0,0.7,1095.5,41.3,88.6,857.7,107.9,2170,,SINGBHUM EAST,
Jharkhand,Singbhum East,IMD110-P2169,1963,0.0,2.2,4.2,41.3,113.8,205.9,341.2,291.1,190.3,92.8,4.6,0.0,1287.5,2.2,159.4,1028.6,97.4,2170,,SINGBHUM EAST,
Jharkhand,Singbhum East,IMD110-P2169,1964,0.0,5.5,11.6,22.8,119.0,264.5,423.5,230.3,207.4,104.4,0.0,0.0,1389.0,5.5,153.4,1125.7,104.4,2170,,SINGBHUM EAST,
Jharkhand,Singbhum East,IMD110-P2169,1965,0.9,13.0,17.6,40.7,35.2,126.3,299.3,145.7,187.0,108.0,0.0,0.0,973.7,13.9,93.5,758.4,108.0,2170,,SINGBHUM EAST,
Jharkhand,Singbhum East,IMD110-P2169,1966,15.4,2.5,1.3,20.4,27.7,336.0,204.5,285.3,98.1,106.0,15.4,0.7,1113.1,17.9,49.3,923.8,122.0,2170,,SINGBHUM EAST,
Jharkhand,Singbhum East,IMD110-P2169,1967,34.9,0.0,30.8,38.6,48.8,79.0,240.0,437.2,281.9,3.7,0.8,0.5,1196.2,34.9,118.3,1038.1,5.0,2170,,SINGBHUM EAST,
Jharkhand,Singbhum East,IMD110-P2169,1968,20.1,3.6,6.3,3.0,23.2,295.8,318.7,552.4,68.6,83.3,0.0,2.2,1377.1,23.7,32.5,1235.5,85.4,2171,,SINGBHUM EAST,
Jharkhand,Singbhum East,IMD110-P2169,1969,3.5,0.0,4.4,80.2,66.6,110.0,300.1,271.8,221.3,20.8,21.5,0.0,1100.1,3.6,151.2,903.2,42.2,2171,,SINGBHUM EAST,
Jharkhand,Singbhum East,IMD110-P2169,1970,9.7,8.9,40.8,24.7,33.6,173.6,200.6,244.1,283.3,76.7,3.3,0.0,1099.2,18.6,99.1,901.5,80.0,2171,,SINGBHUM EAST,
Jharkhand,Singbhum East,IMD110-P2169,1971,15.2,29.3,0.1,130.9,104.5,284.2,473.0,560.8,202.8,152.6,4.7,0.0,1958.1,44.4,235.5,1520.9,157.4,2171,,SINGBHUM EAST,
Jharkhand,Singbhum East,IMD110-P2169,1972,4.7,48.2,0.0,1.2,17.5,106.2,250.4,597.0,213.2,25.4,,0.0,,52.9,18.7,1166.8,,2171,missing_months,SINGBHUM EAST,
Jharkhand,Singbhum East,IMD110-P2169,1973,0.0,21.8,54.9,1.3,117.0,180.5,292.6,355.1,469.7,183.4,5.9,1.9,1684.2,21.8,173.3,1297.9,191.2,2171,,SINGBHUM EAST,
Jharkhand,Singbhum East,IMD110-P2169,1974,1.5,0.0,93.7,2.4,118.1,85.8,382.0,217.1,386.6,57.8,0.0,0.0,1345.0,1.5,214.1,1071.6,57.8,2171,,SINGBHUM EAST,
Jharkhand,Singbhum East,IMD110-P2169,1975,25.8,20.3,15.9,58.3,96.4,199.7,350.7,444.4,260.1,92.9,0.5,0.0,1564.9,46.2,170.7,1254.8,93.3,2171,,SINGBHUM EAST,
Jharkhand,Singbhum East,IMD110-P2169,1976,0.1,34.7,28.6,29.2,69.6,122.2,341.1,214.9,161.9,25.1,1.5,1.7,1030.6,34.8,127.4,840.2,28.3,2171,,SINGBHUM EAST,
Jharkhand,Singbhum East,IMD110-P2169,1977,25.4,1.7,6.5,44.6,158.8,411.6,414.7,503.1,105.8,67.3,11.9,20.7,1772.1,27.1,209.9,1435.2,99.9,2171,,SINGBHUM EAST,
Jharkhand,Singbhum East,IMD110-P2169,1978,20.2,40.8,55.0,64.9,105.9,269.1,194.2,295.6,446.4,111.0,5.7,10.8,1619.4,61.0,225.7,1205.2,127.4,2171,,SINGBHUM EAST,
Jharkhand,Singbhum East,IMD110-P2169,1979,27.4,15.1,1.4,24.2,48.1,186.2,158.1,163.7,100.3,13.7,16.2,13.5,768.0,42.5,73.8,608.3,43.4,2171,,SINGBHUM EAST,
Jharkhand,Singbhum East,IMD110-P2169,1980,13.5,6.1,56.2,55.9,89.2,464.3,285.2,193.8,273.2,45.3,0.0,0.0,1482.8,19.7,201.4,1216.4,45.3,2171,,SINGBHUM EAST,
Jharkhand,Singbhum East,IMD110-P2169,1981,25.4,66.7,22.6,59.5,212.6,206.3,317.2,317.5,254.9,21.7,1.8,10.8,1517.0,92.1,294.7,1095.9,34.3,2171,,SINGBHUM EAST,
Jharkhand,Singbhum East,IMD110-P2169,1982,5.3,44.2,94.5,91.9,22.4,225.4,166.8,336.8,105.2,19.1,1.8,0.1,1113.6,49.5,208.8,834.2,21.0,2171,,SINGBHUM EAST,
Jharkhand,Singbhum East,IMD110-P2169,1983,0.1,78.3,28.8,36.0,87.2,156.5,197.3,337.3,288.6,101.4,0.0,14.1,1325.6,78.5,152.0,979.6,115.5,2171,,SINGBHUM EAST,
Jharkhand,Singbhum East,IMD110-P2169,1984,19.4,1.8,0.8,27.0,50.4,440.7,292.2,390.0,156.5,51.7,0.0,0.0,1430.6,21.2,78.3,1279.3,51.7,2171,,SINGBHUM EAST,
Jharkhand,Singbhum East,IMD110-P2169,1985,5.4,11.2,0.1,15.7,76.6,242.4,354.3,439.6,309.2,186.4,0.0,0.0,1640.8,16.5,92.4,1345.5,186.4,2171,,SINGBHUM EAST,
Jharkhand,Singbhum East,IMD110-P2169,1986,12.8,19.5,6.8,67.9,120.8,235.4,279.8,249.2,212.8,110.7,48.2,9.0,1372.9,32.2,195.5,977.3,167.9,2171,,SINGBHUM EAST,
Jharkhand,Singbhum East,IMD110-P2169,1987,7.3,6.1,8.7,27.5,39.9,116.0,412.8,275.2,187.2,17.8,31.5,5.1,1135.1,13.4,76.1,991.2,54.4,2171,,SINGBHUM EAST,
Jharkhand,Singbhum East,IMD110-P2169,1988,0.6,31.9,19.9,41.2,33.2,525.3,271.4,221.2,142.1,39.0,1.8,0.0,1327.8,32.6,94.3,1160.1,40.8,2171,,SINGBHUM EAST,
Jharkhand,Singbhum East,IMD110-P2169,1989,0.3,0.0,6.1,0.7,99.7,391.6,292.7,367.4,192.1,30.7,0.3,11.3,1393.0,0.3,106.5,1243.8,42.4,2171,,SINGBHUM EAST,
Jharkhand,Singbhum East,IMD110-P2169,1990,0.0,31.8,27.4,8.7,105.4,238.2,300.2,220.0,236.0,137.9,17.5,0.7,1323.8,31.8,141.5,994.4,156.1,2171,,SINGBHUM EAST,
Jharkhand,Singbhum East,IMD110-P2169,1991,19.6,4.0,61.3,26.8,93.9,180.9,265.3,337.3,183.2,56.0,7.7,52.7,1288.7,23.6,182.0,966.7,116.4,2171,,SINGBHUM EAST,
Jharkhand,Singbhum East,IMD110-P2169,1992,3.0,3.0,0.1,15.5,49.9,186.1,270.0,265.4,286.3,29.4,2.6,0.0,1111.3,6.0,65.5,1007.8,32.0,2171,,SINGBHUM EAST,
Jharkhand,Singbhum East,IMD110-P2169,1993,0.1,0.9,14.6,78.9,107.0,260.8,207.9,262.7,316.5,47.1,0.4,0.0,1296.9,1.0,200.5,1047.9,47.6,2171,,SINGBHUM EAST,
Jharkhand,Singbhum East,IMD110-P2169,1994,6.7,28.6,0.0,53.1,27.0,380.8,564.3,322.5,164.4,61.9,0.4,0.0,1609.6,35.3,80.1,1431.9,62.3,2171,,SINGBHUM EAST,
Jharkhand,Singbhum East,IMD110-P2169,1995,18.7,11.3,7.9,0.8,102.4,112.1,260.7,379.4,319.2,82.8,118.2,0.4,1413.7,29.9,111.1,1071.3,201.4,2171,,SINGBHUM EAST,
Jharkhand,Singbhum East,IMD110-P2169,1996,16.6,10.4,1.8,3.4,8.8,354.3,259.9,399.1,99.5,25.3,0.0,0.0,1179.1,27.0,13.9,1112.9,25.3,2171,,SINGBHUM EAST,
Jharkhand,Singbhum East,IMD110-P2169,1997,13.3,11.3,9.8,64.4,37.5,409.4,322.2,433.6,174.0,31.4,18.4,42.1,1567.4,24.6,111.6,1339.2,92.0,2171,,SINGBHUM EAST,
Jharkhand,Singbhum East,IMD110-P2169,1998,115.5,52.5,75.8,34.8,41.7,115.8,233.4,155.9,234.0,134.4,54.5,0.0,1248.3,168.0,152.4,739.0,188.9,2171,,SINGBHUM EAST,
Jharkhand,Singbhum East,IMD110-P2169,1999,0.0,0.0,0.1,0.0,156.5,227.3,403.1,416.9,397.2,169.8,1.5,0.0,1772.5,0.0,156.6,1444.5,171.3,2171,,SINGBHUM EAST,
Jharkhand,Singbhum East,IMD110-P2169,2000,4.3,9.1,0.7,9.5,90.1,223.7,264.1,166.3,245.8,21.7,0.0,0.0,1035.3,13.4,100.4,899.9,21.7,2171,,SINGBHUM EAST,
Jharkhand,Singbhum East,IMD110-P2169,2001,0.2,10.4,46.6,32.2,169.0,460.8,483.4,366.1,173.0,90.9,0.3,0.0,1832.8,10.6,247.8,1483.2,91.1,2171,,SINGBHUM EAST,
Jharkhand,Singbhum East,IMD110-P2169,2002,29.7,0.6,10.8,19.3,71.0,326.7,172.1,293.4,322.9,21.8,3.1,5.4,1276.9,30.3,101.2,1115.2,30.3,2172,,SINGBHUM EAST,
Jharkhand,Singbhum East,IMD110-P2169,2003,0.4,31.9,36.2,15.4,50.4,173.0,277.8,201.8,188.4,213.2,32.7,8.9,1230.1,32.3,102.0,841.0,254.8,2172,,SINGBHUM EAST,
Jharkhand,Singbhum East,IMD110-P2169,2004,0.0,7.9,11.4,36.0,50.6,165.0,196.2,446.2,123.4,94.6,0.0,2.0,1133.3,7.9,98.0,930.8,96.6,2172,,SINGBHUM EAST,
Jharkhand,Singbhum East,IMD110-P2169,2005,11.3,8.0,49.7,16.4,50.3,189.9,317.6,198.6,172.2,217.6,0.0,26.9,1258.4,19.3,116.4,878.2,244.5,2172,,SINGBHUM EAST,
Jharkhand,Singbhum East,IMD110-P2169,2006,0.4,0.0,5.1,27.7,152.0,345.3,496.2,428.8,492.0,15.9,19.3,0.1,1982.7,0.4,184.8,1762.3,35.3,2172,,SINGBHUM EAST,
Jharkhand,Singbhum East,IMD110-P2169,2007,1.3,43.1,39.7,17.0,77.2,152.0,735.2,378.5,345.1,23.3,12.8,0.0,1825.2,44.4,133.9,1610.8,36.1,2172,,SINGBHUM EAST,
Jharkhand,Singbhum East,IMD110-P2169,2008,17.2,6.6,12.6,11.4,80.9,587.5,219.3,254.8,270.3,13.4,0.0,0.0,1474.1,23.8,105.0,1331.9,13.4,2172,,SINGBHUM EAST,
Jharkhand,Singbhum East,IMD110-P2169,2009,0.5,0.0,4.0,0.0,108.6,58.3,260.8,224.6,282.1,114.4,5.3,4.2,1062.8,0.5,112.6,825.7,123.9,2172,,SINGBHUM EAST,
Jharkhand,Singbhum East,IMD110-P2169,2010,0.1,1.5,3.2,5.3,87.9,76.9,125.0,103.3,170.6,33.8,3.5,24.3,635.3,1.6,96.5,475.8,61.6,2172,,SINGBHUM EAST,
Jharkhand,Singbhum West,IMD110-P2173,1901,165.9,95.5,14.4,22.1,,,232.7,498.5,305.9,35.6,10.7,0.0,,261.3,,,46.3,2173,missing_months,SINGBHUM WEST,
Jharkhand,Singbhum West,IMD110-P2173,1902,0.0,1.8,2.0,35.2,124.8,128.1,635.3,193.2,211.7,0.3,2.1,9.0,1343.5,1.8,162.0,1168.3,11.4,2173,,SINGBHUM WEST,
Jharkhand,Singbhum West,IMD110-P2173,1903,53.3,25.5,6.0,67.9,99.3,197.2,300.3,257.3,192.0,242.9,2.4,0.0,1444.1,78.8,173.3,946.7,245.3,2173,,SINGBHUM WEST,
Jharkhand,Singbhum West,IMD110-P2173,1904,0.0,29.4,59.8,13.5,131.1,353.1,383.3,318.1,154.1,29.0,0.0,0.0,1471.4,29.4,204.4,1208.6,29.0,2173,,SINGBHUM WEST,
Jharkhand,Singbhum West,IMD110-P2173,1905,40.5,67.1,46.3,46.4,89.8,68.8,454.1,161.2,315.8,22.3,0.0,0.6,1313.0,107.7,182.5,999.9,22.9,2173,,SINGBHUM WEST,
Jharkhand,Singbhum West,IMD110-P2173,1906,76.3,226.8,59.2,0.0,39.1,169.1,400.6,223.7,224.4,56.7,18.3,2.4,1496.7,303.1,98.3,1017.9,77.5,2173,,SINGBHUM WEST,
Jharkhand,Singbhum West,IMD110-P2173,1907,1.4,24.9,53.7,31.0,27.8,322.7,206.7,467.5,222.2,0.0,0.0,69.1,1426.9,26.3,112.4,1219.1,69.1,2173,,SINGBHUM WEST,
Jharkhand,Singbhum West,IMD110-P2173,1908,6.9,8.8,1.1,0.8,88.0,291.5,323.3,579.3,150.4,26.3,0.0,0.0,1476.3,15.7,89.9,1344.5,26.3,2173,,SINGBHUM WEST,
Jharkhand,Singbhum West,IMD110-P2173,1909,29.1,10.5,2.0,129.9,27.4,264.3,298.7,322.3,461.5,10.5,0.0,16.0,1572.2,39.7,159.3,1346.8,26.4,2173,,SINGBHUM WEST,
Jharkhand,Singbhum West,IMD110-P2173,1910,34.2,0.1,0.0,32.6,53.5,271.9,275.6,210.0,193.4,103.3,0.0,0.0,1174.6,34.3,86.1,950.9,103.3,2173,,SINGBHUM WEST,
Jharkhand,Singbhum West,IMD110-P2173,1911,0.0,0.0,31.1,15.4,43.4,325.5,163.2,369.2,290.7,93.2,20.8,0.0,1352.4,0.0,89.9,1148.6,114.0,2173,,SINGBHUM WEST,
Jharkhand,Singbhum West,IMD110-P2173,1912,0.4,53.8,34.0,55.9,47.2,156.8,409.1,377.7,158.8,69.8,51.2,0.0,1414.7,54.1,137.2,1102.5,120.9,2173,,SINGBHUM WEST,
Jharkhand,Singbhum West,IMD110-P2173,1913,2.9,161.9,43.3,1.5,67.1,400.6,441.1,369.0,107.6,122.1,24.6,1.3,1743.1,164.8,111.9,1318.3,148.0,2173,,SINGBHUM WEST,
Jharkhand,Singbhum West,IMD110-P2173,1914,0.0,30.9,15.0,23.4,170.7,107.3,359.0,245.8,186.4,37.1,0.0,3.2,1178.7,30.9,209.0,898.5,40.3,2173,,SINGBHUM WEST,
Jharkhand,Singbhum West,IMD110-P2173,1915,3.5,15.5,29.5,12.9,71.1,122.0,173.1,173.9,181.0,62.5,67.5,0.0,912.5,19.0,113.6,650.0,130.0,2173,,SINGBHUM WEST,
Jharkhand,Singbhum West,IMD110-P2173,1916,0.0,5.7,0.8,16.3,29.7,336.8,126.1,307.1,144.3,164.7,20.4,0.0,1151.9,5.7,46.9,914.3,185.1,2173,,SINGBHUM WEST,
Jharkhand,Singbhum West,IMD110-P2173,1917,0.0,55.4,17.5,14.5,98.9,373.9,361.7,290.1,189.1,245.5,0.0,0.0,1646.4,55.4,130.9,1214.8,245.5,2173,,SINGBHUM WEST,
Jharkhand,Singbhum West,IMD110-P2173,1918,6.5,0.1,0.4,12.6,100.3,255.0,185.2,331.6,181.7,0.0,0.0,0.3,1073.7,6.6,113.4,953.5,0.3,2173,,SINGBHUM WEST,
Jharkhand,Singbhum West,IMD110-P2173,1919,74.0,9.7,36.1,18.8,82.4,429.6,266.7,331.3,100.3,71.0,11.3,0.0,1431.1,83.8,137.3,1127.8,82.3,2173,,SINGBHUM WEST,
Jharkhand,Singbhum West,IMD110-P2173,1920,0.0,30.2,57.4,17.7,52.8,165.1,972.4,437.2,161.9,1.5,0.0,0.0,1896.1,30.2,127.9,1736.6,1.5,2173,,SINGBHUM WEST,
Jharkhand,Singbhum West,IMD110-P2173,1921,44.3,10.1,0.6,17.5,17.1,260.5,390.6,373.1,175.0,18.6,0.0,0.0,1307.4,54.4,35.2,1199.3,18.6,2173,,SINGBHUM WEST,
Jharkhand,Singbhum West,IMD110-P2173,1922,9.3,2.4,0.0,3.2,21.3,306.9,376.0,413.1,194.3,36.6,15.0,0.0,1377.9,11.6,24.4,1290.3,51.6,2173,,SINGBHUM WEST,
Jharkhand,Singbhum West,IMD110-P2173,1923,0.0,89.3,4.5,1.2,46.6,213.4,329.1,690.9,142.1,73.4,35.8,0.0,1626.2,89.3,52.3,1375.4,109.2,2173,,SINGBHUM WEST,
Jharkhand,Singbhum West,IMD110-P2173,1924,46.6,11.6,0.6,10.7,34.1,180.3,284.3,253.5,255.7,60.7,73.6,0.0,1211.7,58.3,45.5,973.8,134.2,2173,,SINGBHUM WEST,
Jharkhand,Singbhum West,IMD110-P2173,1925,0.4,0.0,13.6,59.3,74.5,233.5,449.0,356.0,135.5,96.1,3.7,3.8,1425.3,0.4,147.3,1174.0,103.6,2173,,SINGBHUM WEST,
Jharkhand,Singbhum West,IMD110-P2173,1926,47.8,5.1,136.0,7.6,30.7,62.3,478.1,498.2,263.8,88.4,0.0,9.2,1627.2,52.8,174.2,1302.4,97.7,2173,,SINGBHUM WEST,
Jharkhand,Singbhum West,IMD110-P2173,1927,10.5,76.2,28.3,2.6,36.4,90.2,780.0,447.3,115.5,40.0,0.1,0.0,1627.2,86.7,67.4,1433.0,40.1,2173,,SINGBHUM WEST,
Jharkhand,Singbhum West,IMD110-P2173,1928,18.4,23.6,5.6,33.0,77.9,241.3,445.7,214.2,180.9,162.7,0.0,2.5,1405.8,42.0,116.5,1082.1,165.2,2173,,SINGBHUM WEST,
Jharkhand,Singbhum West,IMD110-P2173,1929,72.2,20.4,5.7,17.3,54.9,100.1,948.1,373.1,164.6,130.1,0.0,46.6,1933.3,92.7,77.9,1585.9,176.8,2173,,SINGBHUM WEST,
Jharkhand,Singbhum West,IMD110-P2173,1930,0.5,2.5,16.0,30.5,16.2,105.7,371.2,422.6,295.1,21.4,122.0,0.6,1404.4,3.1,62.7,1194.6,144.0,2173,,SINGBHUM WEST,
Jharkhand,Singbhum West,IMD110-P2173,1931,16.4,121.6,15.0,2.4,52.2,108.9,352.9,460.7,120.6,144.2,63.9,0.1,1458.8,138.0,69.5,1043.1,208.2,2173,,SINGBHUM WEST,
Jharkhand,Singbhum West,IMD110-P2173,1932,0.0,55.4,13.2,21.2,64.9,134.8,487.0,285.6,208.8,27.3,36.2,0.5,1334.8,55.4,99.3,1116.2,63.9,2173,,SINGBHUM WEST,
Jharkhand,Singbhum West,IMD110-P2173,1933,20.6,74.4,13.3,33.5,88.8,179.7,537.1,327.6,273.8,61.9,16.4,15.0,1642.1,95.0,135.7,1318.2,93.2,2173,,SINGBHUM WEST,
Jharkhand,Singbhum West,IMD110-P2173,1934,3.5,2.5,0.4,8.7,4.5,192.6,335.0,318.2,284.7,56.2,5.4,5.4,1217.2,6.0,13.6,1130.5,67.1,2174,,SINGBHUM WEST,
Jharkhand,Singbhum West,IMD110-P2173,1935,7.9,32.0,13.6,28.3,3.5,150.2,351.6,253.4,166.1,0.0,0.0,0.4,1006.9,39.9,45.4,921.2,0.4,2174,,SINGBHUM WEST,
Jharkhand,Singbhum West,IMD110-P2173,1936,15.4,19.1,9.3,3.3,147.5,429.2,287.0,337.3,243.2,82.5,5.2,0.5,1579.4,34.4,160.1,1296.6,88.2,2174,,SINGBHUM WEST,
Jharkhand,Singbhum West,IMD110-P2173,1937,0.0,91.1,9.7,23.7,118.4,300.1,357.1,313.0,329.5,97.0,0.4,0.0,1640.0,91.1,151.9,1299.6,97.5,2174,,SINGBHUM WEST,
Jharkhand,Singbhum West,IMD110-P2173,1938,34.5,22.1,1.1,1.4,101.6,196.1,256.7,369.7,174.8,59.3,2.6,0.0,1219.9,56.6,104.1,997.3,61.9,2174,,SINGBHUM WEST,
Jharkhand,Singbhum West,IMD110-P2173,1939,6.2,55.6,42.8,28.6,14.1,214.0,381.4,410.2,144.3,167.0,1.8,0.5,1466.4,61.8,85.4,1149.9,169.2,2174,,SINGBHUM WEST,
Jharkhand,Singbhum West,IMD110-P2173,1940,0.0,42.1,93.4,21.7,72.8,184.8,550.3,385.3,141.0,35.5,0.0,19.5,1546.4,42.1,187.9,1261.4,55.0,2174,,SINGBHUM WEST,
Jharkhand,Singbhum West,IMD110-P2173,1941,42.1,2.2,2.0,11.5,62.2,222.7,608.1,341.9,186.9,143.0,110.0,0.0,1732.5,44.4,75.6,1359.5,253.0,2174,,SINGBHUM WEST,
Jharkhand,Singbhum West,IMD110-P2173,1942,5.2,52.9,0.9,47.1,30.8,114.4,665.8,400.0,381.5,35.1,14.3,2.2,1750.3,58.1,78.8,1561.8,51.7,2174,,SINGBHUM WEST,
Jharkhand,Singbhum West,IMD110-P2173,1943,99.5,21.5,0.0,42.4,45.1,155.7,489.9,562.9,281.0,80.2,0.1,0.0,1778.3,121.0,87.5,1489.5,80.3,2174,,SINGBHUM WEST,
Jharkhand,Singbhum West,IMD110-P2173,1944,56.9,67.2,48.7,33.7,34.4,118.0,407.4,390.6,118.8,217.6,0.6,0.0,1493.9,124.1,116.8,1034.8,218.2,2174,,SINGBHUM WEST,
Jharkhand,Singbhum West,IMD110-P2173,1945,43.2,11.2,1.9,30.0,59.2,111.3,235.9,259.7,274.2,154.4,0.2,0.0,1181.3,54.4,91.1,881.1,154.6,2174,,SINGBHUM WEST,
Jharkhand,Singbhum West,IMD110-P2173,1946,0.0,11.2,11.4,115.4,170.1,339.9,277.9,437.3,294.7,115.4,37.7,0.0,1811.0,11.2,296.8,1349.8,153.1,2174,,SINGBHUM WEST,
Jharkhand,Singbhum West,IMD110-P2173,1947,29.3,48.7,86.4,5.1,93.8,175.9,247.8,247.7,243.9,142.4,0.1,19.1,1340.0,78.0,185.2,915.2,161.6,2174,,SINGBHUM WEST,
Jharkhand,Singbhum West,IMD110-P2173,1948,20.0,9.8,19.8,8.8,73.6,148.6,401.3,341.2,211.0,84.4,80.1,0.0,1398.4,29.7,102.2,1102.1,164.4,2174,,SINGBHUM WEST,
Jharkhand,Singbhum West,IMD110-P2173,1949,7.5,1.7,17.1,103.8,134.4,150.8,343.9,348.9,206.3,54.8,0.0,1.3,1370.7,9.2,255.4,1049.9,56.1,2174,,SINGBHUM WEST,
Jharkhand,Singbhum West,IMD110-P2173,1950,0.0,10.8,42.4,2.3,49.4,299.6,410.8,463.4,176.1,15.4,44.8,0.0,1514.9,10.8,94.1,1349.8,60.3,2174,,SINGBHUM WEST,
Jharkhand,Singbhum West,IMD110-P2173,1951,0.0,0.0,91.1,14.6,36.7,199.3,256.3,325.4,138.4,58.1,29.0,0.0,1148.9,0.0,142.3,919.3,87.2,2174,,SINGBHUM WEST,
Jharkhand,Singbhum West,IMD110-P2173,1952,0.2,6.6,23.4,52.7,65.0,170.8,507.3,530.5,250.0,123.2,0.0,0.0,1729.8,6.7,141.2,1458.7,123.2,2174,,SINGBHUM WEST,
Jharkhand,Singbhum West,IMD110-P2173,1953,12.9,14.7,0.0,6.4,23.7,192.8,286.4,530.9,251.6,15.5,44.9,0.0,1379.8,27.6,30.1,1261.6,60.5,2174,,SINGBHUM WEST,
Jharkhand,Singbhum West,IMD110-P2173,1954,4.4,1.6,0.9,4.8,43.9,152.3,243.1,224.0,260.6,39.1,2.9,13.8,991.2,6.0,49.6,879.9,55.7,2174,,SINGBHUM WEST,
Jharkhand,Singbhum West,IMD110-P2173,1955,10.1,0.4,5.7,2.2,33.1,207.5,293.5,247.4,212.1,164.1,22.9,0.0,1199.0,10.5,41.0,960.5,187.0,2174,,SINGBHUM WEST,
Jharkhand,Singbhum West,IMD110-P2173,1956,0.9,43.1,72.8,5.9,112.0,355.5,402.8,402.6,311.0,125.5,9.0,0.0,1841.0,44.0,190.6,1471.9,134.5,2174,,SINGBHUM WEST,
Jharkhand,Singbhum West,IMD110-P2173,1957,30.1,41.4,21.9,2.8,4.5,114.5,410.0,266.4,256.8,14.0,0.0,0.0,1162.4,71.5,29.1,1047.8,14.0,2174,,SINGBHUM WEST,
Jharkhand,Singbhum West,IMD110-P2173,1958,17.3,60.5,33.1,26.2,16.6,97.5,366.2,111.8,223.5,94.3,2.0,0.0,1048.9,77.8,75.9,799.0,96.3,2174,,SINGBHUM WEST,
Jharkhand,Singbhum West,IMD110-P2173,1959,21.4,3.3,8.1,21.3,111.1,231.9,361.3,286.2,376.3,149.4,0.3,0.0,1570.6,24.7,140.5,1255.7,149.6,2174,,SINGBHUM WEST,
Jharkhand,Singbhum West,IMD110-P2173,1960,6.3,3.0,35.8,5.0,27.3,140.4,241.7,576.7,230.6,9.0,0.1,0.0,1275.8,9.3,68.0,1189.3,9.1,2174,,SINGBHUM WEST,
Jharkhand,Singbhum West,IMD110-P2173,1961,7.7,91.7,4.1,2.6,48.5,246.4,306.4,284.1,476.2,101.8,3.5,0.2,1573.2,99.4,55.3,1313.1,105.5,2174,,SINGBHUM WEST,
Jharkhand,Singbhum West,IMD110-P2173,1962,13.4,5.3,1.3,54.8,34.3,138.3,264.5,234.4,209.3,38.3,0.0,3.2,997.2,18.7,90.4,846.5,41.6,2174,,SINGBHUM WEST,
Jharkhand,Singbhum West,IMD110-P2173,1963,1.6,1.6,6.6,9.6,63.7,177.0,341.7,257.0,231.4,138.6,3.5,0.0,1232.2,3.2,79.8,1007.1,142.1,2174,,SINGBHUM WEST,
Jharkhand,Singbhum West,IMD110-P2173,1964,5.1,24.1,1.1,8.2,62.7,208.8,224.4,326.8,253.1,41.6,0.0,0.0,1155.7,29.2,71.9,1013.1,41.6,2174,,SINGBHUM WEST,
Jharkhand,Singbhum West,IMD110-P2173,1965,1.3,11.0,55.8,46.5,23.4,117.8,363.1,192.4,174.7,67.2,0.0,0.0,1053.1,12.3,125.6,848.0,67.2,2174,,SINGBHUM WEST,
Jharkhand,Singbhum West,IMD110-P2173,1966,17.1,3.5,0.4,18.5,39.5,360.5,271.8,226.2,111.0,70.7,26.2,1.1,1146.3,20.5,58.3,969.5,98.0,2174,,SINGBHUM WEST,
Jharkhand,Singbhum West,IMD110-P2173,1967,24.8,0.0,12.3,32.1,96.4,97.2,331.2,419.8,387.0,1.9,4.5,6.2,1413.3,24.8,140.8,1235.1,12.5,2174,,SINGBHUM WEST,
Jharkhand,Singbhum West,IMD110-P2173,1968,17.4,19.2,9.6,4.3,32.1,262.4,308.0,605.2,102.8,44.9,0.0,0.6,1406.7,36.7,46.0,1278.5,45.6,2175,,SINGBHUM WEST,
Jharkhand,Singbhum West,IMD110-P2173,1969,4.3,0.0,0.4,42.5,95.4,108.1,302.1,355.7,184.7,30.2,13.7,0.4,1137.6,4.3,138.3,950.6,44.4,2175,,SINGBHUM WEST,
Jharkhand,Singbhum West,IMD110-P2173,1970,10.7,16.8,61.7,14.5,23.7,166.3,300.7,349.7,296.5,67.6,0.6,0.0,1308.9,27.5,99.9,1113.3,68.2,2175,,SINGBHUM WEST,
Jharkhand,Singbhum West,IMD110-P2173,1971,47.4,58.2,3.8,168.0,59.4,141.0,,,259.0,169.8,12.2,0.0,,105.6,231.2,,182.0,2175,missing_months,SINGBHUM WEST,
Jharkhand,Singbhum West,IMD110-P2173,1972,0.0,58.0,0.0,3.0,0.8,132.4,168.5,234.3,198.1,23.0,3.6,0.0,821.7,58.0,3.8,733.3,26.6,2175,,SINGBHUM WEST,
Jharkhand,Singbhum West,IMD110-P2173,1973,,,42.2,0.2,71.0,,183.7,,508.4,345.0,,0.6,,,113.4,,,2175,missing_months,SINGBHUM WEST,
Jharkhand,Singbhum West,IMD110-P2173,1974,0.0,0.4,43.8,2.6,46.2,60.6,181.7,547.7,257.8,70.2,0.0,0.0,1211.0,0.4,92.6,1047.8,70.2,2175,,SINGBHUM WEST,
Jharkhand,Singbhum West,IMD110-P2173,1975,21.1,21.0,35.2,19.3,54.6,65.4,333.4,447.4,184.4,67.1,0.5,0.0,1249.5,42.2,109.1,1030.7,67.6,2175,,SINGBHUM WEST,
Jharkhand,Singbhum West,IMD110-P2173,1976,0.0,16.7,18.9,13.1,62.4,86.3,334.2,289.5,230.6,10.0,6.2,17.5,1085.4,16.7,94.4,940.6,33.7,2175,,SINGBHUM WEST,
Jharkhand,Singbhum West,IMD110-P2173,1977,33.8,4.4,14.8,61.2,145.6,389.2,407.6,434.3,174.9,37.7,22.3,46.5,1772.4,38.3,221.7,1405.9,106.5,2175,,SINGBHUM WEST,
Jharkhand,Singbhum West,IMD110-P2173,1978,11.0,76.8,74.4,37.6,76.4,276.5,266.5,278.8,305.2,67.8,7.5,17.1,1495.5,87.8,188.4,1127.1,92.3,2175,,SINGBHUM WEST,
Jharkhand,Singbhum West,IMD110-P2173,1979,4.3,20.1,4.3,28.4,1.1,143.8,268.8,205.6,144.5,28.4,9.2,13.8,872.2,24.4,33.7,762.8,51.3,2175,,SINGBHUM WEST,
Jharkhand,Singbhum West,IMD110-P2173,1980,9.1,15.7,69.7,31.8,43.1,279.1,434.4,169.1,166.6,70.2,0.0,0.2,1288.9,24.8,144.5,1049.2,70.3,2175,,SINGBHUM WEST,
Jharkhand,Singbhum West,IMD110-P2173,1981,35.8,50.7,5.5,55.5,153.7,226.4,256.7,333.3,202.3,18.1,0.0,2.8,1340.7,86.4,214.7,1018.7,20.9,2175,,SINGBHUM WEST,
Jharkhand,Singbhum West,IMD110-P2173,1982,9.3,34.6,98.9,22.3,10.2,215.9,203.1,455.5,131.4,9.7,7.8,0.0,1198.5,43.9,131.4,1005.8,17.5,2175,,SINGBHUM WEST,
Jharkhand,Singbhum West,IMD110-P2173,1983,0.0,78.2,9.7,63.3,98.0,153.9,259.1,361.4,424.9,127.4,0.0,17.7,1593.6,78.2,171.0,1199.2,145.1,2175,,SINGBHUM WEST,
Jharkhand,Singbhum West,IMD110-P2173,1984,21.3,12.6,0.6,19.5,80.2,606.6,328.7,492.2,144.7,56.4,0.0,0.0,1762.7,33.9,100.3,1572.1,56.4,2175,,SINGBHUM WEST,
Jharkhand,Singbhum West,IMD110-P2173,1985,27.8,18.3,0.0,8.9,93.1,161.0,246.5,483.4,269.2,210.2,0.0,0.0,1518.6,46.1,102.1,1160.2,210.2,2175,,SINGBHUM WEST,
Jharkhand,Singbhum West,IMD110-P2173,1986,19.3,27.2,10.0,25.0,89.1,183.0,306.8,210.8,137.2,66.0,49.3,12.8,1136.5,46.5,124.1,837.8,128.1,2175,,SINGBHUM WEST,
Jharkhand,Singbhum West,IMD110-P2173,1987,15.3,9.8,17.6,37.8,70.5,80.2,377.3,241.6,146.8,8.9,14.4,4.7,1024.9,25.1,125.9,845.9,27.9,2175,,SINGBHUM WEST,
Jharkhand,Singbhum West,IMD110-P2173,1988,0.3,78.6,30.3,35.2,42.0,378.2,250.6,237.7,97.0,33.4,3.3,0.0,1186.5,79.0,107.5,963.4,36.7,2175,,SINGBHUM WEST,
Jharkhand,Singbhum West,IMD110-P2173,1989,0.9,0.0,0.8,0.0,108.8,414.5,250.8,398.1,118.4,19.0,0.8,11.2,1323.4,0.9,109.6,1181.8,31.1,2175,,SINGBHUM WEST,
Jharkhand,Singbhum West,IMD110-P2173,1990,,,,,,,137.4,225.0,245.2,149.6,63.4,0.0,,,,,213.0,2175,missing_months,SINGBHUM WEST,
Jharkhand,Singbhum West,IMD110-P2173,1991,26.2,1.9,22.3,6.3,26.2,127.9,201.4,424.7,223.4,24.4,12.2,31.3,1128.2,28.2,54.8,977.3,67.9,2175,,SINGBHUM WEST,
Jharkhand,Singbhum West,IMD110-P2173,1992,1.3,4.5,2.0,3.0,42.2,170.9,332.6,224.5,167.1,16.6,4.5,0.0,969.4,5.9,47.1,895.2,21.1,2175,,SINGBHUM WEST,
Jharkhand,Singbhum West,IMD110-P2173,1993,0.0,0.6,7.7,97.1,88.9,219.6,242.4,275.2,276.3,42.8,0.0,0.0,1250.8,0.6,193.8,1013.5,42.9,2175,,SINGBHUM WEST,
Jharkhand,Singbhum West,IMD110-P2173,1994,7.0,10.8,0.4,0.0,57.2,359.2,533.4,372.3,131.5,66.9,1.8,0.0,1540.6,17.8,57.7,1396.4,68.7,2175,,SINGBHUM WEST,
Jharkhand,Singbhum West,IMD110-P2173,1995,34.1,5.4,37.0,4.9,86.0,159.0,226.7,319.5,288.1,61.7,95.8,11.6,1329.8,39.4,127.8,993.3,169.2,2175,,SINGBHUM WEST,
Jharkhand,Singbhum West,IMD110-P2173,1996,13.5,9.9,0.6,11.6,21.5,304.1,241.3,242.6,52.9,16.8,0.0,0.0,914.9,23.5,33.7,840.9,16.8,2175,,SINGBHUM WEST,
Jharkhand,Singbhum West,IMD110-P2173,1997,4.9,0.0,2.6,43.4,17.6,223.2,265.1,338.3,107.3,40.9,27.0,41.3,1111.6,4.9,63.6,933.9,109.2,2175,,SINGBHUM WEST,
Jharkhand,Singbhum West,IMD110-P2173,1998,123.4,3.9,50.1,41.9,52.1,77.3,186.3,151.3,163.7,127.3,51.5,0.0,1028.9,127.3,144.1,578.7,178.7,2175,,SINGBHUM WEST,
Jharkhand,Singbhum West,IMD110-P2173,1999,0.0,0.0,0.0,0.0,136.6,231.8,284.5,415.2,357.4,159.0,0.0,0.0,1584.4,0.0,136.6,1288.9,159.0,2175,,SINGBHUM WEST,
Jharkhand,Singbhum West,IMD110-P2173,2000,0.7,27.2,0.0,16.4,70.5,199.1,583.7,148.2,278.1,24.5,0.0,0.0,1348.3,27.9,86.9,1209.0,24.5,2175,,SINGBHUM WEST,
Jharkhand,Singbhum West,IMD110-P2173,2001,0.0,0.0,60.1,29.7,63.6,203.3,433.9,253.2,66.1,93.3,0.0,0.0,1203.2,0.0,153.4,956.5,93.3,2175,,SINGBHUM WEST,
Jharkhand,Singbhum West,IMD110-P2173,2002,22.2,0.0,8.4,4.5,27.9,157.3,94.9,210.3,213.6,28.9,0.5,0.0,768.5,22.2,40.8,676.2,29.3,2176,,SINGBHUM WEST,
Jharkhand,Singbhum West,IMD110-P2173,2003,0.0,11.7,63.8,28.4,27.1,160.1,272.7,162.1,152.0,188.5,23.0,23.2,1112.5,11.7,119.3,746.9,234.6,2176,,SINGBHUM WEST,
Jharkhand,Singbhum West,IMD110-P2173,2004,2.7,2.8,6.3,66.6,23.9,153.9,196.7,465.2,145.8,148.3,0.0,0.9,1213.0,5.5,96.8,961.6,149.1,2176,,SINGBHUM WEST,
Jharkhand,Singbhum West,IMD110-P2173,2005,18.4,6.1,29.6,29.0,22.9,269.9,214.0,164.6,169.9,99.5,0.0,21.6,1045.4,24.5,81.5,818.4,121.1,2176,,SINGBHUM WEST,
Jharkhand,Singbhum West,IMD110-P2173,2006,0.5,0.0,9.0,16.2,110.1,135.2,405.3,453.1,251.6,14.1,23.4,0.0,1418.6,0.5,135.3,1245.2,37.5,2176,,SINGBHUM WEST,
Jharkhand,Singbhum West,IMD110-P2173,2007,4.1,40.8,17.7,55.0,52.8,170.1,451.0,412.6,302.2,15.8,23.2,0.0,1545.3,44.9,125.5,1335.9,39.0,2176,,SINGBHUM WEST,
Jharkhand,Singbhum West,IMD110-P2173,2008,21.9,6.2,4.8,18.1,84.2,338.4,265.8,244.2,184.0,20.6,0.0,0.0,1188.1,28.0,107.0,1032.4,20.6,2176,,SINGBHUM WEST,
Jharkhand,Singbhum West,IMD110-P2173,2009,0.0,0.0,3.3,0.0,64.6,122.0,365.4,309.2,304.5,116.2,1.3,0.0,1286.3,0.0,67.9,1101.0,117.4,2176,,SINGBHUM WEST,
Jharkhand,Singbhum West,IMD110-P2173,2010,0.0,3.1,3.1,18.0,4.5,85.9,125.9,187.4,171.6,55.5,3.9,37.3,696.2,3.1,25.6,570.8,96.6,2176,,SINGBHUM WEST,
